time (s)	energy (uJ)	charge (mC)	voltage (mV)	crossing#mod 255
7926.162173	91.894684	0.022722	4.044318	90
7927.205544	92.639565	0.022701	4.080776	91
7928.238789	94.433380	0.022745	4.151905	92
7929.280761	90.042366	0.022707	3.965473	93
7930.309406	90.228874	0.022737	3.968382	94
7931.351054	91.573563	0.022701	4.033847	95
7932.386718	95.251282	0.022753	4.186251	96
7933.425711	90.018379	0.022699	3.965829	97
7934.458695	91.463005	0.022684	4.032051	98
7935.502323	93.663162	0.022705	4.125286	99
7936.535871	94.609680	0.022724	4.163514	100
7937.571192	96.520828	0.022733	4.245918	101
7938.611105	95.514595	0.022724	4.203324	102
7939.646966	96.680344	0.022741	4.251395	103
7940.685077	92.880493	0.022711	4.089583	104
7941.718249	95.212929	0.022714	4.191792	105
7942.756961	92.385330	0.022761	4.058973	106
7943.793813	95.474174	0.022719	4.202449	107
7944.831491	95.690231	0.022711	4.213350	108
7945.867844	95.371964	0.022716	4.198494	109
7946.901357	94.225014	0.022708	4.149486	110
7947.942637	96.922943	0.022737	4.262872	111
7948.976135	96.435104	0.022729	4.242784	112
7950.018396	95.752701	0.022701	4.217915	113
7951.051691	94.438530	0.022710	4.158366	114
7952.091881	94.474480	0.022696	4.162654	115
7953.121776	94.637398	0.022708	4.167589	116
7954.164040	95.144646	0.022710	4.189473	117
7955.195624	95.371124	0.022713	4.199031	118
7956.238824	93.779320	0.022709	4.129686	119
7957.269424	93.907181	0.022706	4.135807	120
7958.312928	92.930588	0.022702	4.093485	121
7959.340675	93.156258	0.022683	4.106786	122
7960.386374	93.285431	0.022711	4.107586	123
7961.415212	93.229919	0.022706	4.105872	124
7962.458152	92.422485	0.022707	4.070173	125
7963.487823	88.346924	0.022706	3.890962	126
7964.533241	92.696144	0.022733	4.077595	127
7965.561646	93.625565	0.022728	4.119419	128
7966.604951	92.709641	0.022733	4.078188	129
7967.634593	92.468643	0.022727	4.068673	130
7968.678087	92.616470	0.022707	4.078705	131
7969.708471	91.615074	0.022701	4.035688	132
7970.751249	91.512405	0.022705	4.030468	133
7971.781823	89.583961	0.022694	3.947463	134
7972.822435	90.903984	0.022701	4.004386	135
7973.856937	90.030197	0.022725	3.961665	136
7974.898020	89.461716	0.022709	3.939534	137
7975.930299	89.324974	0.022695	3.935847	138
7976.968069	91.874962	0.022685	4.050024	139
7978.004688	88.468758	0.022704	3.896694	140
7979.040644	90.395782	0.022727	3.977495	141
7980.076961	90.531433	0.022698	3.988490	142
7981.112949	91.149590	0.022699	4.015665	143
7982.150641	88.998840	0.022724	3.916581	144
7983.189153	88.627350	0.022729	3.899322	145
7984.220766	90.012772	0.022695	3.966149	146
7985.262063	88.432922	0.022700	3.895663	147
7986.292499	90.522240	0.022693	3.989032	148
7987.336862	85.933464	0.022697	3.786057	149
7988.379924	77.902473	0.022719	3.428962	150
7989.408732	88.015083	0.022694	3.878351	151
7990.439509	88.164619	0.022694	3.885000	152
7991.480873	88.813828	0.022731	3.907083	153
7992.512190	88.765007	0.022712	3.908234	154
7993.556391	86.543953	0.022681	3.815668	155
7994.584480	91.347740	0.022706	4.023064	156
7995.626762	87.800674	0.022704	3.867203	157
7996.660091	86.749207	0.022694	3.822625	158
7997.701054	86.719406	0.022710	3.818481	159
7998.732523	85.894516	0.022684	3.786520	160
7999.774457	85.114494	0.022720	3.746169	161
8000.806618	86.297356	0.022721	3.798128	162
8001.845174	87.121445	0.022738	3.831565	163
8002.877775	86.893127	0.022728	3.823231	164
8003.919542	83.638893	0.022706	3.683570	165
8004.952179	86.131081	0.022726	3.789952	166
8005.990442	84.331017	0.022697	3.715435	167
8007.025727	84.180489	0.022696	3.708980	168
8008.063201	83.093979	0.022718	3.657681	169
8009.102242	79.997673	0.022681	3.527006	170
8010.133326	85.079361	0.022698	3.748322	171
8011.172778	81.949333	0.022706	3.609226	172
8012.208008	83.718071	0.022681	3.691150	173
8013.245345	80.527672	0.022733	3.542349	174
8014.279932	75.279846	0.022720	3.313415	175
8015.317277	80.290070	0.022722	3.533546	176
8016.354019	83.297783	0.022716	3.666950	177
8017.388839	80.568008	0.022711	3.547592	178
8018.427851	82.931847	0.022716	3.650772	179
8019.461468	80.017502	0.022692	3.526211	180
8020.502727	79.562088	0.022700	3.504977	181
8021.535593	77.918289	0.022704	3.431950	182
8022.572753	82.533287	0.022695	3.636620	183
8023.606025	79.904533	0.022693	3.521109	184
8024.648099	78.727760	0.022709	3.466830	185
8025.680466	77.951614	0.022694	3.434957	186
8026.720519	67.084518	0.022701	2.955079	187
8027.752071	78.273369	0.022684	3.450666	188
8028.794100	77.221451	0.022694	3.402769	189
8029.823080	77.028976	0.022689	3.394957	190
8031.896361	77.277786	0.022740	3.398373	192
8032.937075	77.669235	0.022695	3.422241	193
8033.969745	75.602554	0.022733	3.325656	194
8035.009414	77.380478	0.022723	3.405440	195
8036.043512	74.528442	0.022730	3.278794	196
8037.082234	76.209259	0.022678	3.360464	197
8038.117214	72.521950	0.022698	3.195039	198
8039.155179	74.894791	0.022747	3.292526	199
8040.191249	71.128105	0.022698	3.133729	200
8041.227466	75.042915	0.022684	3.308196	201
8042.263107	72.956879	0.022732	3.209498	202
8043.299724	73.473763	0.022704	3.236107	203
8044.336878	72.369835	0.022723	3.184840	204
8045.371758	73.271561	0.022699	3.228008	205
8046.409751	71.034492	0.022686	3.131236	206
8047.443513	72.986061	0.022724	3.211876	207
8048.481032	72.890099	0.022683	3.213444	208
8049.518881	67.370361	0.022702	2.967595	209
8050.553659	71.954933	0.022729	3.165817	210
8051.590764	71.926941	0.022699	3.168712	211
8052.623912	73.492096	0.022718	3.234979	212
8053.664794	70.445877	0.022699	3.103528	213
8054.698531	69.561417	0.022720	3.061741	214
8055.736042	72.385635	0.022733	3.184103	215
8056.770545	70.295578	0.022728	3.092972	216
8057.809333	70.242401	0.022696	3.094908	217
8058.842798	71.251015	0.022697	3.139244	218
8059.882276	72.573204	0.022714	3.195083	219
8060.916591	68.812538	0.022737	3.026422	220
8061.956789	67.517052	0.022701	2.974252	221
