time (s)	energy (uJ)	charge (mC)	voltage (mV)	crossing#mod 255
4883.439469	74.433365	0.016060	4.634748	37
4884.477063	77.379791	0.016091	4.808907	38
4885.512266	76.516922	0.016077	4.759395	39
4886.549337	78.877098	0.016064	4.910132	40
4887.584801	78.115746	0.016076	4.859086	41
4888.620616	79.802681	0.016060	4.969184	42
4889.657635	76.436066	0.016057	4.760243	43
4890.694431	77.673111	0.016063	4.835600	44
4891.743965	74.623581	0.016081	4.640472	45
4892.772445	79.531448	0.016087	4.943701	46
4893.801906	81.081352	0.016063	5.047743	47
4894.840194	81.564064	0.016085	5.070780	48
4895.874965	79.410553	0.016070	4.941404	49
4896.912694	79.364456	0.016084	4.934340	50
4897.949189	78.155617	0.016054	4.868252	51
4898.985388	80.571426	0.016049	5.020332	52
4900.023047	77.665932	0.016051	4.838706	53
4901.057685	81.232208	0.016027	5.068592	54
4902.084315	83.981705	0.016053	5.231509	55
4903.128662	81.221001	0.016058	5.058053	56
4904.170139	78.370087	0.016054	4.881783	57
4905.201441	83.155228	0.016048	5.181667	58
4906.243087	80.931786	0.016055	5.040793	59
4907.274542	82.424698	0.016055	5.134010	60
4908.315298	79.159599	0.016057	4.929975	61
4909.347030	81.004761	0.016069	5.040922	62
4910.387857	80.450447	0.016078	5.003765	63
4911.422824	81.410553	0.016072	5.065491	64
4912.459683	80.518562	0.016061	5.013418	65
4913.494138	82.311653	0.016029	5.135236	66
4914.530681	82.307846	0.016060	5.124986	67
4915.567751	81.922501	0.016078	5.095333	68
4916.604054	80.792236	0.016074	5.026131	69
4917.642061	82.321037	0.016049	5.129199	70
4918.676123	82.622940	0.016072	5.140868	71
4919.713550	81.490532	0.016061	5.073749	72
4920.747859	81.076485	0.016059	5.048590	73
4921.787096	82.462006	0.016080	5.128114	74
4922.821257	81.546295	0.016082	5.070643	75
4923.860335	82.126633	0.016066	5.111679	76
4924.893556	82.534096	0.016047	5.143366	77
4925.932286	82.789978	0.016084	5.147327	78
4926.965472	81.230461	0.016045	5.062688	79
4928.004963	81.683594	0.016052	5.088531	80
4929.038815	82.103615	0.016055	5.113963	81
4930.076354	81.255150	0.016063	5.058438	82
4931.114756	80.197067	0.016080	4.987428	83
4932.151005	82.210617	0.016073	5.114886	84
4933.185379	81.722679	0.016055	5.090321	85
4934.223083	81.271904	0.016078	5.055004	86
4935.258811	81.519524	0.016056	5.077263	87
4936.294249	82.994339	0.016052	5.170251	88
4937.330740	82.582520	0.016068	5.139713	89
4938.365784	82.276978	0.016083	5.115742	90
4939.405427	81.409996	0.016059	5.069576	91
4940.438604	82.049416	0.016059	5.109377	92
4941.478304	80.873978	0.016026	5.046279	93
4942.510761	82.863617	0.016084	5.151976	94
4943.551172	80.726410	0.016048	5.030442	95
4944.584495	81.970116	0.016051	5.106897	96
4945.617431	84.176826	0.016053	5.243693	97
4946.656246	82.163338	0.016052	5.118438	98
4947.695722	80.007065	0.016055	4.983200	99
4948.729446	82.934067	0.016032	5.173140	100
4949.767959	79.809944	0.016052	4.971817	101
4950.802625	82.272362	0.016059	5.123243	102
4951.840939	79.580002	0.016079	4.949211	103
4952.874972	81.079971	0.016059	5.048810	104
4953.912993	79.698326	0.016083	4.955513	105
4954.947838	83.760933	0.016073	5.211372	106
4955.985051	80.083313	0.016077	4.981276	107
4957.015389	86.559235	0.016091	5.379367	108
4958.057452	79.334496	0.016049	4.943394	109
4959.093161	82.131989	0.016026	5.124925	110
4960.130243	79.337425	0.016051	4.942892	111
4961.167347	81.609009	0.016059	5.081717	112
4962.202568	79.621750	0.016061	4.957447	113
4963.239712	80.806931	0.016050	5.034729	114
4964.276114	128.714157	0.016062	8.013579	115
4965.310198	81.349541	0.016048	5.069289	116
4966.349603	77.808998	0.016059	4.845171	117
4967.384009	80.295959	0.016033	5.008047	118
4968.423916	77.124680	0.016056	4.803333	119
4969.456497	79.634537	0.016053	4.960655	120
4970.497204	76.352234	0.016053	4.756198	121
4971.528017	80.633614	0.016067	5.018479	122
4972.568139	78.192802	0.016083	4.861926	123
4973.602817	78.160751	0.016067	4.864573	124
4974.640822	78.026993	0.016079	4.852731	125
4975.672934	79.550583	0.016083	4.946168	126
4976.712673	78.210648	0.016057	4.870666	127
4977.746180	78.522331	0.016056	4.890481	128
4978.784012	78.518608	0.016012	4.903829	129
4979.819271	78.306824	0.016065	4.874358	130
4980.856602	78.445534	0.016049	4.887805	131
4981.892897	77.188721	0.016027	4.816061	132
4982.930191	76.752884	0.016075	4.774670	133
4983.965495	77.104027	0.016049	4.804311	134
4985.001545	76.747108	0.016058	4.779330	135
4986.039120	77.746544	0.016067	4.838852	136
4987.073983	81.047180	0.016047	5.050757	137
4988.111448	76.246910	0.016084	4.740501	138
4989.146030	77.592117	0.016056	4.832602	139
4990.183448	76.923752	0.016047	4.793573	140
4991.220176	75.031105	0.016046	4.676053	141
4992.256472	75.922707	0.016049	4.730609	142
4993.292029	75.811081	0.016077	4.715442	143
4994.329720	75.096153	0.016055	4.677375	144
4995.363301	76.503380	0.016057	4.764373	145
4996.401011	76.561310	0.016053	4.769299	146
4997.437139	75.759094	0.016082	4.710718	147
4998.473230	72.461929	0.016052	4.514281	148
4999.511660	73.660065	0.016056	4.587812	149
5000.546340	74.359200	0.016082	4.623805	150
5001.573533	84.827934	0.016071	5.278381	151
5002.617044	75.344666	0.016050	4.694300	152
5003.655369	75.017235	0.016051	4.673603	153
5004.690331	74.251144	0.016050	4.626312	154
5005.728638	74.001030	0.016048	4.611370	155
5006.762943	74.325829	0.016051	4.630600	156
5007.802160	72.891014	0.016077	4.533764	157
5008.837172	72.739716	0.016048	4.532626	158
5009.875451	71.743736	0.016035	4.474280	159
5010.907571	74.205063	0.016059	4.620721	160
5011.947007	71.860214	0.016049	4.477473	161
5012.979199	75.856827	0.016051	4.725902	162
5014.020360	70.182571	0.016047	4.373507	163
5015.052236	74.641747	0.016030	4.656429	164
5016.091423	70.783394	0.016077	4.402890	165
5017.125555	74.206963	0.016033	4.628422	166
