time (s)	energy (uJ)	charge (mC)	voltage (mV)	crossing#mod 255
6296.858624	87.725494	0.022798	3.847972	137
6297.897419	91.097076	0.022833	3.989778	138
6298.929200	91.454224	0.022817	4.008150	139
6299.972227	86.646927	0.022822	3.796570	140
6301.005697	88.187141	0.022803	3.867349	141
6302.043931	95.932205	0.022843	4.199675	142
6303.078962	94.780922	0.022796	4.157806	143
6304.120171	91.043541	0.022808	3.991672	144
6305.149140	91.674950	0.022771	4.025913	145
6306.194187	96.789825	0.022794	4.246358	146
6307.220690	98.110855	0.022769	4.308987	147
6308.266246	102.178329	0.022797	4.482056	148
6309.294366	103.169174	0.022823	4.520368	149
6310.339301	100.555214	0.022796	4.411107	150
6311.364983	101.727440	0.022818	4.458221	151
6312.411034	98.238510	0.022834	4.302384	152
6313.442717	100.029541	0.022797	4.387865	153
6314.482747	105.121262	0.022814	4.607752	154
6315.514356	106.317337	0.022786	4.665858	155
6316.557204	107.869247	0.022805	4.730082	156
6317.586150	109.066559	0.022778	4.788197	157
6318.629714	105.980240	0.022783	4.651721	158
6319.662324	105.052284	0.022786	4.610332	159
6320.700619	108.316696	0.022745	4.762174	160
6321.733673	108.341156	0.022827	4.746118	161
6322.773850	111.671112	0.022783	4.901604	162
6323.807170	111.462318	0.022810	4.886501	163
6324.846564	113.745842	0.022778	4.993630	164
6325.882343	109.559662	0.022781	4.809161	165
6326.916960	114.988762	0.022774	5.049229	166
6327.954916	114.747253	0.022778	5.037556	167
6328.988971	117.627701	0.022790	5.161267	168
6330.028584	114.228096	0.022801	5.009795	169
6331.062938	118.471336	0.022771	5.202765	170
6332.100927	116.405182	0.022777	5.110537	171
6333.136785	119.951981	0.022773	5.267344	172
6334.172433	119.431274	0.022779	5.243155	173
6335.210252	121.640686	0.022801	5.334784	174
6336.246681	121.851929	0.022781	5.348918	175
6337.283847	123.465477	0.022788	5.418003	176
6338.317399	121.499275	0.022797	5.329666	177
6339.358495	122.599785	0.022765	5.385362	178
6340.389586	125.257965	0.022783	5.497953	179
6341.430069	125.260849	0.022794	5.495312	180
6342.462512	124.089439	0.022739	5.457046	181
6343.503172	126.847130	0.022776	5.569275	182
6344.535615	127.108757	0.022769	5.582625	183
6345.575257	127.613335	0.022794	5.598502	184
6346.607778	128.041000	0.022795	5.617111	185
6347.648667	129.489944	0.022763	5.688609	186
6348.681874	128.696152	0.022777	5.650391	187
6349.721645	132.447891	0.022763	5.818436	188
6350.753905	131.498764	0.022789	5.770258	189
6351.794480	131.541367	0.022723	5.788847	190
6352.828417	130.939346	0.022776	5.749068	191
6353.868121	132.395065	0.022769	5.814692	192
6354.900285	134.255539	0.022803	5.887624	193
6355.939981	134.479553	0.022764	5.907457	194
6356.976230	133.718597	0.022769	5.872820	195
6358.018642	132.955765	0.022750	5.844203	196
6359.048176	134.835587	0.022777	5.919717	197
6360.084824	139.984848	0.022773	6.146886	198
6361.122951	133.296448	0.022785	5.850226	199
6362.157150	138.223572	0.022788	6.065757	200
6363.194824	135.458771	0.022772	5.948442	201
6364.230616	139.167480	0.022760	6.114576	202
6365.268064	135.009506	0.022771	5.928932	203
6366.303146	140.350983	0.022756	6.167601	204
6367.339649	137.416107	0.022769	6.035274	205
6368.376477	141.783447	0.022775	6.225513	206
6369.412372	137.215088	0.022792	6.020404	207
6370.450898	142.139938	0.022758	6.245606	208
6371.485235	137.479706	0.022739	6.046105	209
6372.524250	142.264404	0.022796	6.240878	210
6373.557366	138.683212	0.022741	6.098309	211
6374.595016	145.405334	0.022785	6.381615	212
6375.630418	139.767578	0.022755	6.142228	213
6376.669829	143.907181	0.022754	6.324542	214
6377.702779	140.079346	0.022755	6.156027	215
6378.743257	143.048065	0.022759	6.285226	216
6379.776363	139.460617	0.022758	6.128116	217
6380.814887	145.753769	0.022799	6.392949	218
6381.848947	140.920685	0.022769	6.189083	219
6382.889069	144.284256	0.022761	6.338975	220
6383.923081	139.503098	0.022726	6.138404	221
6384.962871	143.171295	0.022730	6.298689	222
6385.995567	140.408127	0.022756	6.170119	223
6387.035324	143.927460	0.022790	6.315475	224
6388.068740	141.074829	0.022731	6.206385	225
6389.106434	146.977478	0.022790	6.449099	226
6390.141688	141.727005	0.022787	6.219532	227
6391.178988	145.246887	0.022754	6.383452	228
6392.215482	142.228470	0.022767	6.247122	229
6393.252502	143.884964	0.022727	6.331049	230
6394.287776	142.424591	0.022748	6.261013	231
6395.324060	145.743515	0.022763	6.402688	232
6396.360335	144.745224	0.022778	6.354742	233
6397.361062	172.552734	0.022784	7.573473	234
6398.434975	140.866943	0.022755	6.190651	235
6399.470794	143.199249	0.022722	6.302305	236
6400.505975	143.663879	0.022719	6.323405	237
6401.542980	147.954941	0.022763	6.499732	238
6402.579045	143.873596	0.022782	6.315109	239
6403.617717	141.801987	0.022745	6.234441	240
6404.650472	145.299179	0.022776	6.379419	241
6405.690277	143.276611	0.022748	6.298343	242
6406.724646	141.916199	0.022720	6.246183	243
6407.794438	93.796165	0.022758	4.121485	244
6408.797339	142.353119	0.022714	6.267210	245
6409.837001	141.396530	0.022762	6.211855	246
6410.869029	143.822922	0.022744	6.323692	247
6411.908773	143.359451	0.022704	6.314229	248
6412.942434	143.728210	0.022765	6.313495	249
6413.981828	149.642273	0.022774	6.570806	250
6415.015853	144.306976	0.022773	6.336840	251
6416.053532	143.863739	0.022742	6.325930	252
6417.089412	142.429626	0.022750	6.260585	253
6418.126268	143.885712	0.022775	6.317617	254
6419.163873	139.596573	0.022774	6.129757	255
6420.198987	143.409866	0.022789	6.293004	0
6421.236637	141.264404	0.022739	6.212426	1
6422.272010	144.256821	0.022739	6.343992	2
6423.310006	138.002548	0.022778	6.058483	3
6424.346083	139.729614	0.022752	6.141545	4
6425.383052	144.407074	0.022748	6.348084	5
6426.417257	142.603073	0.022721	6.276184	6
6427.455034	137.363678	0.022743	6.039734	7
6428.468607	180.108795	0.022753	7.915678	8
6429.527147	138.033020	0.022800	6.054059	9
6430.564612	141.766968	0.022781	6.222992	10
6431.599104	138.657303	0.022774	6.088516	11
6432.638647	139.181000	0.022784	6.108811	12
6433.672213	138.568909	0.022740	6.093703	13
6434.712651	140.547119	0.022772	6.171890	14
6435.745450	137.189377	0.022738	6.033530	15
6436.782303	145.889587	0.022743	6.414709	16
