time (s)	energy (uJ)	charge (mC)	voltage (mV)	crossing#mod 255
4311.641612	162.747940	0.028911	5.629346	94
4312.691628	164.907806	0.028919	5.702487	95
4313.743049	144.064514	0.028945	4.977229	96
4314.763083	175.850220	0.028907	6.083295	97
4315.793573	175.596497	0.028936	6.068452	98
4316.837659	181.105820	0.028944	6.257022	99
4317.865948	177.289902	0.028900	6.134676	100
4318.918899	160.643188	0.028912	5.556211	101
4319.938369	168.620682	0.028911	5.832416	102
4320.992947	174.379364	0.028921	6.029442	103
4322.005373	180.918854	0.028900	6.260233	104
4323.067716	169.744354	0.028883	5.876971	105
4324.079653	180.161072	0.028932	6.227113	106
4325.143369	175.458023	0.028922	6.066580	107
4326.153849	181.892029	0.028913	6.291058	108
4327.217248	182.510086	0.028907	6.313712	109
4328.225897	190.834824	0.028894	6.604596	110
4329.289943	175.942978	0.028906	6.086626	111
4330.299753	186.736069	0.028869	6.468310	112
4331.363531	179.533813	0.028934	6.205024	113
4332.375531	185.307220	0.028911	6.409497	114
4333.435530	185.101547	0.028909	6.402951	115
4334.447856	192.694733	0.028892	6.669467	116
4335.510345	181.533585	0.028948	6.271119	117
4336.520066	193.147720	0.028900	6.683365	118
4337.583634	180.178589	0.028891	6.236542	119
4338.595605	193.093643	0.028899	6.681711	120
4339.655541	183.907593	0.028882	6.367540	121
4340.687199	173.323944	0.028910	5.995283	122
4341.729335	183.886703	0.028910	6.360698	123
4342.747728	191.665512	0.028934	6.624118	124
4343.796540	191.591263	0.028920	6.624831	125
4344.824854	323.803162	0.028924	11.195023	126
4345.866896	195.524094	0.028922	6.760477	127
4346.899274	191.342224	0.028911	6.618253	128
4347.940363	189.959885	0.028955	6.560446	129
4348.972808	188.642838	0.028988	6.507562	130
4350.014640	190.899139	0.028905	6.604477	131
4351.042902	195.005600	0.028927	6.741408	132
4352.091851	187.413116	0.028946	6.474502	133
4353.111567	194.926025	0.028917	6.740847	134
4354.169441	185.306915	0.028918	6.408052	135
4355.183987	197.794922	0.028907	6.842469	136
4356.243073	187.703445	0.028923	6.489794	137
4357.258538	197.107132	0.028906	6.818812	138
4358.314919	186.788696	0.028917	6.459541	139
4359.335899	194.331970	0.028933	6.716514	140
4360.384418	191.500900	0.028949	6.615224	141
4361.410364	195.690674	0.028904	6.770473	142
4362.455664	187.863617	0.028916	6.496954	143
4363.486122	190.387726	0.028904	6.586956	144
4364.527061	190.221130	0.028927	6.575996	145
4365.560455	198.661789	0.028946	6.863115	146
4366.600730	189.246094	0.028907	6.546649	147
4367.634674	188.859253	0.028938	6.526404	148
4368.673332	188.676483	0.028932	6.521286	149
4369.706122	190.086563	0.028909	6.575423	150
4370.747811	185.074463	0.028935	6.396242	151
4371.780053	189.524261	0.028970	6.541982	152
4372.820316	187.259918	0.028911	6.477194	153
4373.852053	189.259949	0.028903	6.548013	154
4374.894602	194.185715	0.028879	6.724035	155
4375.926098	189.829544	0.028914	6.565275	156
4376.994428	120.975952	0.028908	4.184891	157
4377.998584	189.065216	0.028902	6.541675	158
4379.040450	183.663834	0.028941	6.346150	159
4380.072817	189.783264	0.028931	6.559960	160
4381.113512	183.446060	0.028911	6.345269	161
4382.147357	186.364731	0.028932	6.441462	162
4383.186407	182.687317	0.028912	6.318789	163
4384.221332	183.193375	0.028876	6.344065	164
4385.259543	186.588516	0.028914	6.453136	165
4386.293618	187.837936	0.028887	6.502522	166
4387.334915	182.091873	0.028910	6.298539	167
4388.364009	188.672760	0.028952	6.516653	168
4389.410174	178.714417	0.028902	6.183478	169
4390.438459	178.424942	0.028899	6.174115	170
4391.486829	174.924774	0.028864	6.060263	171
4392.507410	187.840271	0.028923	6.494397	172
4393.560081	177.433762	0.028905	6.138456	173
4394.580192	187.882553	0.028920	6.496639	174
4395.634046	176.315796	0.029003	6.079130	175
4396.652429	188.087296	0.028900	6.508259	176
4397.706342	174.344757	0.028912	6.030233	177
4398.727830	183.951050	0.028909	6.363183	178
4399.778596	170.998367	0.028903	5.916259	179
4400.802729	182.326096	0.028909	6.306894	180
4401.848333	171.952820	0.028910	5.947814	181
4402.879172	180.807663	0.028916	6.252784	182
4403.919779	172.255890	0.028903	5.959883	183
4404.954124	180.661652	0.028921	6.246837	184
4405.994182	170.093796	0.028882	5.889329	185
4407.027639	175.045868	0.028946	6.047379	186
4408.068435	168.939316	0.028918	5.842064	187
4409.100163	148.690063	0.028905	5.144055	188
4410.142012	169.323822	0.028880	5.863109	189
4411.171335	176.662857	0.028912	6.110392	190
4412.216273	167.299484	0.028918	5.785326	191
4413.244894	173.831100	0.028931	6.008470	192
4414.289274	168.586899	0.028936	5.826104	193
4415.340849	102.225769	0.028905	3.536626	194
4416.362851	167.834686	0.028915	5.804441	195
4417.391773	180.043854	0.028984	6.211893	196
4418.436372	160.834824	0.028939	5.557730	197
4419.465353	173.550507	0.028900	6.005147	198
4420.508570	166.825836	0.028851	5.782359	199
4421.540922	171.276260	0.028915	5.923389	200
4422.579036	168.195007	0.028904	5.819006	201
4423.614999	166.264023	0.028905	5.752175	202
4424.654679	167.731995	0.028876	5.808779	203
4425.688376	162.389664	0.028937	5.611745	204
4426.727399	160.087952	0.028906	5.538189	205
4427.760681	152.336914	0.028937	5.264454	206
4428.803355	153.368942	0.028898	5.307186	207
4429.830135	167.528259	0.028906	5.795553	208
4430.880588	153.465302	0.028903	5.309665	209
4431.901179	170.054535	0.028913	5.881556	210
4432.953562	153.282013	0.028907	5.302533	211
4433.973386	169.977570	0.028897	5.882249	212
4435.027027	154.410004	0.028927	5.337893	213
4436.048936	161.353439	0.028900	5.583106	214
4437.100521	150.536957	0.028947	5.200476	215
4438.121978	167.259766	0.028883	5.790849	216
4439.171267	153.418533	0.028907	5.307269	217
4440.198665	173.819641	0.028932	6.007779	218
4441.243419	153.203140	0.028947	5.292514	219
