crossing time (s)	slope (V/s)	crossing number
281474976710655.000000	5.079472	1293	0.000000
281474976710655.000000	5.042463	1294	0.000000
281474976710655.000000	5.088932	1295	0.000000
281474976710655.000000	4.916565	1296	0.000000
281474976710655.000000	4.966779	1297	0.000000
281474976710655.000000	4.932895	1298	0.000000
281474976710655.000000	5.053540	1299	0.000000
281474976710655.000000	5.022229	1300	0.000000
281474976710655.000000	4.962308	1301	0.000000
281474976710655.000000	4.918021	1302	0.000000
281474976710655.000000	4.995270	1303	0.000000
281474976710655.000000	4.872122	1304	0.000000
281474976710655.000000	4.979612	1305	0.000000
281474976710655.000000	5.013153	1306	0.000000
281474976710655.000000	4.955129	1307	0.000000
281474976710655.000000	4.885223	1308	0.000000
281474976710655.000000	4.940322	1309	0.000000
281474976710655.000000	4.915206	1310	0.000000
281474976710655.000000	4.937218	1311	0.000000
281474976710655.000000	4.873688	1312	0.000000
281474976710655.000000	4.947358	1313	0.000000
281474976710655.000000	4.937890	1314	0.000000
281474976710655.000000	4.889666	1315	0.000000
281474976710655.000000	4.877620	1316	0.000000
281474976710655.000000	4.910341	1317	0.000000
281474976710655.000000	4.827667	1318	0.000000
281474976710655.000000	4.867095	1319	0.000000
281474976710655.000000	4.838886	1320	0.000000
281474976710655.000000	4.862276	1321	0.000000
281474976710655.000000	4.853642	1322	0.000000
281474976710655.000000	4.815855	1323	0.000000
281474976710655.000000	4.837986	1324	0.000000
281474976710655.000000	4.829504	1325	0.000000
281474976710655.000000	4.756110	1326	0.000000
281474976710655.000000	4.804336	1327	0.000000
281474976710655.000000	4.795589	1328	0.000000
281474976710655.000000	4.798186	1329	0.000000
281474976710655.000000	4.813057	1330	0.000000
281474976710655.000000	4.812045	1331	0.000000
281474976710655.000000	4.787971	1332	0.000000
281474976710655.000000	4.773753	1333	0.000000
281474976710655.000000	4.744875	1334	0.000000
281474976710655.000000	4.764395	1335	0.000000
281474976710655.000000	4.759218	1336	0.000000
281474976710655.000000	4.754085	1337	0.000000
281474976710655.000000	4.761172	1338	0.000000
281474976710655.000000	4.735802	1339	0.000000
281474976710655.000000	4.767050	1340	0.000000
281474976710655.000000	4.737719	1341	0.000000
281474976710655.000000	4.700783	1342	0.000000
281474976710655.000000	4.713781	1343	0.000000
281474976710655.000000	4.677343	1344	0.000000
281474976710655.000000	4.718021	1345	0.000000
281474976710655.000000	4.727310	1346	0.000000
281474976710655.000000	4.674695	1347	0.000000
281474976710655.000000	4.670336	1348	0.000000
281474976710655.000000	4.637326	1349	0.000000
281474976710655.000000	4.687449	1350	0.000000
281474976710655.000000	4.644941	1351	0.000000
281474976710655.000000	4.621502	1352	0.000000
281474976710655.000000	4.643062	1353	0.000000
281474976710655.000000	4.643137	1354	0.000000
281474976710655.000000	4.626264	1355	0.000000
281474976710655.000000	4.629972	1356	0.000000
281474976710655.000000	4.592196	1357	0.000000
281474976710655.000000	4.622217	1358	0.000000
281474976710655.000000	4.606417	1359	0.000000
281474976710655.000000	4.610242	1360	0.000000
281474976710655.000000	4.595169	1361	0.000000
281474976710655.000000	4.572749	1362	0.000000
281474976710655.000000	4.563024	1363	0.000000
281474976710655.000000	4.589391	1364	0.000000
281474976710655.000000	4.566558	1365	0.000000
281474976710655.000000	4.565615	1366	0.000000
281474976710655.000000	4.644012	1367	0.000000
281474976710655.000000	4.631530	1368	0.000000
281474976710655.000000	4.547584	1369	0.000000
281474976710655.000000	4.508751	1370	0.000000
281474976710655.000000	4.532391	1371	0.000000
281474976710655.000000	4.524438	1372	0.000000
281474976710655.000000	4.495346	1373	0.000000
281474976710655.000000	4.523188	1374	0.000000
281474976710655.000000	4.478019	1375	0.000000
281474976710655.000000	4.492974	1376	0.000000
281474976710655.000000	4.504323	1377	0.000000
281474976710655.000000	4.494443	1378	0.000000
281474976710655.000000	4.487968	1379	0.000000
281474976710655.000000	4.466094	1380	0.000000
281474976710655.000000	4.464212	1381	0.000000
281474976710655.000000	4.493176	1382	0.000000
281474976710655.000000	4.452951	1383	0.000000
281474976710655.000000	4.466856	1384	0.000000
281474976710655.000000	4.428092	1385	0.000000
281474976710655.000000	4.451666	1386	0.000000
281474976710655.000000	4.395511	1387	0.000000
281474976710655.000000	4.427840	1388	0.000000
281474976710655.000000	4.382595	1389	0.000000
281474976710655.000000	4.390931	1390	0.000000
281474976710655.000000	4.351174	1391	0.000000
281474976710655.000000	4.403922	1392	0.000000
281474976710655.000000	4.346280	1393	0.000000
281474976710655.000000	4.390237	1394	0.000000
281474976710655.000000	4.340586	1395	0.000000
281474976710655.000000	4.376122	1396	0.000000
281474976710655.000000	4.348285	1397	0.000000
281474976710655.000000	4.355392	1398	0.000000
281474976710655.000000	4.291769	1399	0.000000
281474976710655.000000	4.354862	1400	0.000000
281474976710655.000000	4.296669	1401	0.000000
281474976710655.000000	4.333098	1402	0.000000
281474976710655.000000	4.301951	1403	0.000000
281474976710655.000000	4.305640	1404	0.000000
281474976710655.000000	4.273542	1405	0.000000
281474976710655.000000	4.302400	1406	0.000000
281474976710655.000000	4.250040	1407	0.000000
281474976710655.000000	4.291945	1408	0.000000
281474976710655.000000	4.236188	1409	0.000000
281474976710655.000000	4.265738	1410	0.000000
281474976710655.000000	4.242238	1411	0.000000
281474976710655.000000	4.259584	1412	0.000000
281474976710655.000000	4.207291	1413	0.000000
281474976710655.000000	4.248740	1414	0.000000
281474976710655.000000	4.197628	1415	0.000000
281474976710655.000000	4.246040	1416	0.000000
281474976710655.000000	4.170418	1417	0.000000
281474976710655.000000	4.235087	1418	0.000000
281474976710655.000000	4.203286	1419	0.000000
281474976710655.000000	4.178784	1420	0.000000
281474976710655.000000	4.146538	1421	0.000000
281474976710655.000000	4.185092	1422	0.000000
281474976710655.000000	4.135038	1423	0.000000
281474976710655.000000	4.173736	1424	0.000000
281474976710655.000000	4.119542	1425	0.000000
281474976710655.000000	4.175613	1426	0.000000
281474976710655.000000	4.087565	1427	0.000000
281474976710655.000000	4.132370	1428	0.000000
281474976710655.000000	4.096502	1429	0.000000
281474976710655.000000	4.119731	1430	0.000000
281474976710655.000000	4.062600	1431	0.000000
281474976710655.000000	4.119632	1432	0.000000
281474976710655.000000	4.050441	1433	0.000000
281474976710655.000000	4.116560	1434	0.000000
281474976710655.000000	4.022190	1435	0.000000
281474976710655.000000	4.109117	1436	0.000000
281474976710655.000000	4.004145	1437	0.000000
281474976710655.000000	4.074065	1438	0.000000
281474976710655.000000	4.005500	1439	0.000000
281474976710655.000000	4.065278	1440	0.000000
281474976710655.000000	4.004412	1441	0.000000
281474976710655.000000	4.048407	1442	0.000000
281474976710655.000000	3.998686	1443	0.000000
281474976710655.000000	4.074598	1444	0.000000
281474976710655.000000	3.958128	1445	0.000000
281474976710655.000000	4.033299	1446	0.000000
281474976710655.000000	3.979267	1447	0.000000
281474976710655.000000	4.000010	1448	0.000000
281474976710655.000000	3.952263	1449	0.000000
281474976710655.000000	3.996890	1450	0.000000
281474976710655.000000	3.942936	1451	0.000000
281474976710655.000000	3.995833	1452	0.000000
281474976710655.000000	3.903492	1453	0.000000
281474976710655.000000	3.951184	1454	0.000000
281474976710655.000000	3.917195	1455	0.000000
281474976710655.000000	3.964751	1456	0.000000
281474976710655.000000	3.919068	1457	0.000000
281474976710655.000000	3.905946	1458	0.000000
281474976710655.000000	3.895012	1459	0.000000
281474976710655.000000	3.930288	1460	0.000000
281474976710655.000000	3.874600	1461	0.000000
281474976710655.000000	3.898786	1462	0.000000
281474976710655.000000	3.853621	1463	0.000000
281474976710655.000000	3.883609	1464	0.000000
281474976710655.000000	3.841026	1465	0.000000
281474976710655.000000	3.882351	1466	0.000000
281474976710655.000000	3.837339	1467	0.000000
281474976710655.000000	3.858340	1468	0.000000
281474976710655.000000	3.814445	1469	0.000000
281474976710655.000000	3.850624	1470	0.000000
281474976710655.000000	3.798283	1471	0.000000
281474976710655.000000	3.825156	1472	0.000000
281474976710655.000000	3.762200	1473	0.000000
281474976710655.000000	3.813856	1474	0.000000
281474976710655.000000	3.770076	1475	0.000000
281474976710655.000000	3.800736	1476	0.000000
281474976710655.000000	3.753274	1477	0.000000
281474976710655.000000	3.771932	1478	0.000000
281474976710655.000000	3.726998	1479	0.000000
281474976710655.000000	3.772715	1480	0.000000
281474976710655.000000	3.709934	1481	0.000000
281474976710655.000000	3.744702	1482	0.000000
281474976710655.000000	3.693426	1483	0.000000
281474976710655.000000	3.738339	1484	0.000000
281474976710655.000000	3.680177	1485	0.000000
281474976710655.000000	3.753652	1486	0.000000
281474976710655.000000	3.674563	1487	0.000000
281474976710655.000000	3.723032	1488	0.000000
281474976710655.000000	3.665490	1489	0.000000
281474976710655.000000	3.736318	1490	0.000000
281474976710655.000000	3.635971	1491	0.000000
281474976710655.000000	3.702581	1492	0.000000
281474976710655.000000	3.640705	1493	0.000000
281474976710655.000000	3.678027	1494	0.000000
281474976710655.000000	3.618679	1495	0.000000
281474976710655.000000	3.689947	1496	0.000000
281474976710655.000000	3.592651	1497	0.000000
281474976710655.000000	3.654359	1498	0.000000
281474976710655.000000	3.589061	1499	0.000000
281474976710655.000000	3.659046	1500	0.000000
281474976710655.000000	3.576885	1501	0.000000
281474976710655.000000	3.623151	1502	0.000000
281474976710655.000000	3.549783	1503	0.000000
281474976710655.000000	3.610239	1504	0.000000
281474976710655.000000	3.535501	1505	0.000000
281474976710655.000000	3.605832	1506	0.000000
281474976710655.000000	3.527014	1507	0.000000
281474976710655.000000	3.567141	1508	0.000000
281474976710655.000000	3.494594	1509	0.000000
281474976710655.000000	3.568929	1510	0.000000
281474976710655.000000	3.490377	1511	0.000000
281474976710655.000000	3.558015	1512	0.000000
281474976710655.000000	3.445867	1513	0.000000
281474976710655.000000	3.548353	1514	0.000000
281474976710655.000000	3.452429	1515	0.000000
281474976710655.000000	3.548915	1516	0.000000
281474976710655.000000	3.436751	1517	0.000000
281474976710655.000000	3.511036	1518	0.000000
281474976710655.000000	3.411422	1519	0.000000
281474976710655.000000	3.502394	1520	0.000000
281474976710655.000000	3.404257	1521	0.000000
281474976710655.000000	3.498615	1522	0.000000
281474976710655.000000	3.374027	1523	0.000000
281474976710655.000000	3.481182	1524	0.000000
281474976710655.000000	3.351916	1525	0.000000
281474976710655.000000	3.449234	1526	0.000000
281474976710655.000000	3.356922	1527	0.000000
281474976710655.000000	3.453503	1528	0.000000
281474976710655.000000	3.338845	1529	0.000000
281474976710655.000000	3.439844	1530	0.000000
281474976710655.000000	3.308047	1531	0.000000
281474976710655.000000	3.417602	1532	0.000000
281474976710655.000000	3.286536	1533	0.000000
281474976710655.000000	3.382388	1534	0.000000
281474976710655.000000	3.268411	1535	0.000000
281474976710655.000000	3.384536	1536	0.000000
281474976710655.000000	3.244627	1537	0.000000
281474976710655.000000	3.323676	1538	0.000000
281474976710655.000000	3.315375	1539	0.000000
281474976710655.000000	3.405219	1540	0.000000
281474976710655.000000	3.299253	1541	0.000000
281474976710655.000000	3.414054	1542	0.000000
281474976710655.000000	3.287057	1543	0.000000
281474976710655.000000	3.374313	1544	0.000000
281474976710655.000000	3.282001	1545	0.000000
281474976710655.000000	3.371388	1546	0.000000
281474976710655.000000	3.263178	1547	0.000000
281474976710655.000000	3.353978	1548	0.000000
281474976710655.000000	3.240400	1549	0.000000
281474976710655.000000	3.339132	1550	0.000000
281474976710655.000000	3.227284	1551	0.000000
281474976710655.000000	3.331181	1552	0.000000
281474976710655.000000	3.228846	1553	0.000000
281474976710655.000000	3.335095	1554	0.000000
281474976710655.000000	3.208400	1555	0.000000
281474976710655.000000	3.284581	1556	0.000000
281474976710655.000000	3.198272	1557	0.000000
281474976710655.000000	3.305820	1558	0.000000
281474976710655.000000	3.165839	1559	0.000000
281474976710655.000000	3.266690	1560	0.000000
281474976710655.000000	3.176182	1561	0.000000
281474976710655.000000	3.254765	1562	0.000000
281474976710655.000000	3.152411	1563	0.000000
281474976710655.000000	3.228249	1564	0.000000
281474976710655.000000	3.132562	1565	0.000000
281474976710655.000000	3.215663	1566	0.000000
281474976710655.000000	3.124931	1567	0.000000
281474976710655.000000	3.192287	1568	0.000000
281474976710655.000000	3.107216	1569	0.000000
281474976710655.000000	3.194305	1570	0.000000
281474976710655.000000	3.095499	1571	0.000000
281474976710655.000000	3.169147	1572	0.000000
281474976710655.000000	3.071605	1573	0.000000
281474976710655.000000	3.144213	1574	0.000000
281474976710655.000000	3.050578	1575	0.000000
281474976710655.000000	3.136076	1576	0.000000
281474976710655.000000	3.021770	1577	0.000000
281474976710655.000000	3.098402	1578	0.000000
281474976710655.000000	3.013465	1579	0.000000
281474976710655.000000	3.087163	1580	0.000000
281474976710655.000000	3.016620	1581	0.000000
281474976710655.000000	3.061570	1582	0.000000
281474976710655.000000	2.964050	1583	0.000000
281474976710655.000000	3.035274	1584	0.000000
281474976710655.000000	2.954295	1585	0.000000
281474976710655.000000	3.017635	1586	0.000000
281474976710655.000000	2.915380	1587	0.000000
