time (s)	energy (uJ)	charge (mC)	voltage (mV)	crossing#mod 255
1925.801316	44.764454	0.029080	1.539338	147
1926.846695	49.569614	0.029059	1.705817	148
1927.869368	47.959053	0.029062	1.650234	149
1928.916653	52.058788	0.029076	1.790414	150
1929.945247	50.562309	0.029048	1.740653	151
1930.987990	47.892784	0.029061	1.647995	152
1932.024199	44.197006	0.029071	1.520335	153
1933.059780	50.749306	0.029051	1.746918	154
1934.095123	47.814953	0.029027	1.647281	155
1935.133289	46.313503	0.029078	1.592734	156
1936.168308	47.489601	0.029045	1.635027	157
1937.204617	49.297794	0.029095	1.694379	158
1938.244555	44.273430	0.029043	1.524397	159
1939.278162	47.700771	0.029081	1.640284	160
1940.314283	47.916744	0.029045	1.649716	161
1941.351786	35.657227	0.029079	1.226229	162
1942.392822	42.838505	0.029075	1.473396	163
1943.424781	47.233727	0.029018	1.627758	164
1944.460341	46.239094	0.029034	1.592595	165
1945.498185	44.764954	0.029081	1.539329	166
1946.533752	42.620922	0.029049	1.467211	167
1947.572581	46.547489	0.029085	1.600398	168
1948.602291	45.112339	0.029041	1.553410	169
1949.647113	45.303658	0.029050	1.559502	170
1950.675484	44.748001	0.029069	1.539370	171
1951.720937	44.986771	0.029090	1.546446	172
1952.745164	43.969833	0.029013	1.515542	173
1953.797743	42.535912	0.029078	1.462820	174
1954.817334	42.966019	0.029054	1.478844	175
1955.868999	44.729641	0.029056	1.539438	176
1956.889815	44.461899	0.029076	1.529152	177
1957.942755	44.379005	0.029062	1.527025	178
1958.962928	42.152504	0.029042	1.451413	179
1960.017870	41.030666	0.029093	1.410349	180
1961.035526	40.969162	0.029079	1.408884	181
1962.089502	43.285534	0.029047	1.490168	182
1963.104988	44.493038	0.029049	1.531658	183
1964.161198	42.442368	0.029019	1.462581	184
1965.180238	41.850014	0.029039	1.441141	185
1966.234933	40.046783	0.029088	1.376732	186
1967.251439	41.315899	0.029085	1.420522	187
1968.307037	41.860573	0.029079	1.439571	188
1969.325338	41.739536	0.029037	1.437440	189
1970.379310	41.004051	0.029091	1.409490	190
1971.398956	41.935463	0.029082	1.441953	191
1972.451106	167.786942	0.029068	5.772219	192
1973.472763	40.692513	0.029077	1.399493	193
1974.521940	40.355923	0.029071	1.388191	194
1975.548376	32.848663	0.029039	1.131189	195
1976.593183	40.797997	0.029018	1.405935	196
1977.620099	41.883919	0.029083	1.440160	197
1978.665212	38.733860	0.029061	1.332856	198
1979.695446	40.247463	0.029077	1.384160	199
1980.735408	38.029232	0.029075	1.307980	200
1981.769190	33.377022	0.029052	1.148856	201
1982.807543	39.361401	0.029143	1.350647	202
1983.841912	40.007732	0.029041	1.377651	203
1984.879754	37.156670	0.029085	1.277511	204
1985.915781	39.272835	0.029073	1.350852	205
1986.950150	39.223183	0.029046	1.350394	206
1987.988035	39.421429	0.029068	1.356179	207
1989.023838	38.430202	0.029063	1.322285	208
1990.060087	39.940105	0.029040	1.375364	209
1991.096164	36.892918	0.029048	1.270049	210
1992.132156	38.718224	0.029034	1.333562	211
1993.168738	37.242748	0.029023	1.283216	212
1994.204906	39.507664	0.029087	1.358249	213
1995.242422	36.242104	0.029059	1.247188	214
1996.276230	38.566418	0.029044	1.327857	215
1997.316009	37.185627	0.029010	1.281841	216
1998.347814	34.724308	0.029060	1.194921	217
1999.390283	35.805454	0.029050	1.232565	218
2000.419022	38.674355	0.029045	1.331540	219
2001.465440	35.476215	0.029042	1.221566	220
2002.490400	37.145058	0.029006	1.280581	221
2003.539412	36.082737	0.029049	1.242128	222
2004.561888	37.591297	0.029055	1.293796	223
2005.612141	35.217236	0.029074	1.211287	224
2006.632701	37.653534	0.029045	1.296397	225
2007.684618	34.840290	0.029042	1.199653	226
2008.705077	31.013346	0.029040	1.067961	227
2009.758198	34.530209	0.029086	1.187188	228
2010.777547	37.165497	0.029038	1.279872	229
2011.829151	36.026054	0.029071	1.239234	230
2012.850366	36.454498	0.029049	1.254922	231
2013.902848	34.204403	0.029058	1.177094	232
2014.920737	37.417271	0.029040	1.288479	233
2015.974764	34.718124	0.029046	1.195271	234
2016.996020	35.699303	0.029036	1.229496	235
2018.046543	31.689486	0.029042	1.091177	236
2019.066551	31.879728	0.029051	1.097390	237
2020.120260	33.003620	0.028997	1.138193	238
2021.140388	36.291542	0.029065	1.248626	239
2022.190766	32.979702	0.029043	1.135556	240
2023.216077	35.000515	0.029040	1.205237	241
2024.262735	32.789658	0.029087	1.127280	242
2025.288605	35.307632	0.029075	1.214353	243
2026.332771	32.938412	0.029009	1.135473	244
2027.362393	35.270378	0.029043	1.214406	245
2028.404860	32.464252	0.029077	1.116511	246
2029.435034	35.269543	0.029040	1.214505	247
2030.477657	31.557318	0.029052	1.086243	248
2031.508604	35.118160	0.029033	1.209598	249
2032.547977	31.806179	0.029010	1.096375	250
2033.581220	35.357887	0.029038	1.217629	251
2034.619064	31.894503	0.029039	1.098336	252
2035.655817	34.948837	0.029067	1.202364	253
2036.692232	31.299959	0.029001	1.079279	254
2037.726996	34.784023	0.029000	1.199435	255
2038.764676	30.862602	0.029069	1.061720	0
2039.799762	34.156601	0.029041	1.176150	1
2040.834945	31.340809	0.029036	1.079366	2
2041.871044	34.232784	0.029009	1.180083	3
2042.908892	31.049126	0.029004	1.070512	4
2043.942789	34.907814	0.029049	1.201707	5
2044.983805	29.573473	0.029073	1.017203	6
2046.025684	29.543982	0.029074	1.016163	7
2047.056864	30.137856	0.029074	1.036576	8
2048.085715	33.312389	0.029082	1.145445	9
2049.129963	29.570610	0.029072	1.017164	10
2050.156539	35.268448	0.029049	1.214082	11
2051.203967	42.364334	0.029062	1.457700	12
2052.228346	34.145706	0.029030	1.176213	13
2053.276280	29.706827	0.029030	1.023311	14
2054.298997	33.538868	0.029044	1.154779	15
2055.350499	29.017370	0.029073	0.998085	16
2056.370619	33.236176	0.029042	1.144422	17
2057.423083	30.001757	0.029049	1.032803	18
2058.443932	149.017075	0.029063	5.127300	19
2059.498063	28.713295	0.029035	0.988903	20
2060.516907	31.797396	0.029050	1.094568	21
2061.568845	29.003729	0.029044	0.998621	22
