crossing time (s)	slope (V/s)	crossing number
281474976710655.000000	7.355988	1684	1926834688.000000
281474976710655.000000	7.588581	1685	1927858688.000000
281474976710655.000000	7.881896	1686	1928905216.000000
281474976710655.000000	7.176320	1687	1929934848.000000
281474976710655.000000	7.435321	1688	1930975232.000000
281474976710655.000000	7.380655	1689	1932011392.000000
281474976710655.000000	7.878087	1690	1933048960.000000
281474976710655.000000	7.916770	1691	1934083456.000000
281474976710655.000000	7.505078	1692	1935121792.000000
281474976710655.000000	7.631949	1693	1936157440.000000
281474976710655.000000	8.075374	1694	1937193600.000000
281474976710655.000000	7.472246	1695	1938233344.000000
281474976710655.000000	7.999380	1696	1939266688.000000
281474976710655.000000	8.456271	1697	1940303488.000000
281474976710655.000000	7.757733	1698	1941339008.000000
281474976710655.000000	7.821100	1699	1942374784.000000
281474976710655.000000	8.388361	1700	1943413504.000000
281474976710655.000000	7.840239	1701	1944448640.000000
281474976710655.000000	7.950775	1702	1945487104.000000
281474976710655.000000	8.123222	1703	1946521984.000000
281474976710655.000000	8.258626	1704	1947561472.000000
281474976710655.000000	8.265643	1705	1948589952.000000
281474976710655.000000	8.362438	1706	1949636096.000000
281474976710655.000000	8.231661	1707	1950663040.000000
281474976710655.000000	8.106945	1708	1951709440.000000
281474976710655.000000	8.049529	1709	1952734208.000000
281474976710655.000000	8.221271	1710	1953785088.000000
281474976710655.000000	8.612556	1711	1954806528.000000
281474976710655.000000	8.345311	1712	1955858304.000000
281474976710655.000000	8.566369	1713	1956877184.000000
281474976710655.000000	8.277827	1714	1957930752.000000
281474976710655.000000	8.579524	1715	1958950016.000000
281474976710655.000000	8.363271	1716	1960005376.000000
281474976710655.000000	8.423835	1717	1961023232.000000
281474976710655.000000	8.513032	1718	1962078208.000000
281474976710655.000000	8.840465	1719	1963094400.000000
281474976710655.000000	8.457050	1720	1964150400.000000
281474976710655.000000	8.643135	1721	1965168000.000000
281474976710655.000000	8.366096	1722	1966223616.000000
281474976710655.000000	8.469470	1723	1967240320.000000
281474976710655.000000	8.704543	1724	1968295808.000000
281474976710655.000000	8.941594	1725	1969314176.000000
281474976710655.000000	8.682044	1726	1970368128.000000
281474976710655.000000	8.857092	1727	1971387776.000000
281474976710655.000000	8.558163	1728	1972439296.000000
281474976710655.000000	8.751020	1729	1973461504.000000
281474976710655.000000	8.758085	1730	1974511360.000000
281474976710655.000000	9.087500	1731	1975535872.000000
281474976710655.000000	8.774170	1732	1976582144.000000
281474976710655.000000	8.898649	1733	1977609600.000000
281474976710655.000000	9.089753	1734	1978653440.000000
281474976710655.000000	9.058006	1735	1979683968.000000
281474976710655.000000	8.680515	1736	1980723840.000000
281474976710655.000000	8.982841	1737	1981757440.000000
281474976710655.000000	8.993268	1738	1982796160.000000
281474976710655.000000	9.106478	1739	1983830912.000000
281474976710655.000000	8.933687	1740	1984868224.000000
281474976710655.000000	9.214993	1741	1985904384.000000
281474976710655.000000	9.015341	1742	1986939392.000000
281474976710655.000000	9.097733	1743	1987976704.000000
281474976710655.000000	8.956323	1744	1989012864.000000
281474976710655.000000	9.314524	1745	1990049152.000000
281474976710655.000000	8.984498	1746	1991085568.000000
281474976710655.000000	9.270655	1747	1992120960.000000
281474976710655.000000	9.253422	1748	1993157888.000000
281474976710655.000000	9.419576	1749	1994192768.000000
281474976710655.000000	8.896228	1750	1995231744.000000
281474976710655.000000	9.372200	1751	1996265088.000000
281474976710655.000000	9.430808	1752	1997305216.000000
281474976710655.000000	9.483218	1753	1998336128.000000
281474976710655.000000	9.192459	1754	1999379328.000000
281474976710655.000000	9.646634	1755	2000407552.000000
281474976710655.000000	9.162033	1756	2001453056.000000
281474976710655.000000	9.440294	1757	2002478976.000000
281474976710655.000000	9.382529	1758	2003527168.000000
281474976710655.000000	9.659078	1759	2004550272.000000
281474976710655.000000	9.154917	1760	2005600640.000000
281474976710655.000000	9.536710	1761	2006621952.000000
281474976710655.000000	9.081315	1762	2007673600.000000
281474976710655.000000	9.518013	1763	2008693760.000000
281474976710655.000000	9.472227	1764	2009747200.000000
281474976710655.000000	9.835194	1765	2010765312.000000
281474976710655.000000	9.203504	1766	2011818624.000000
281474976710655.000000	9.720784	1767	2012838400.000000
281474976710655.000000	9.153789	1768	2013892224.000000
281474976710655.000000	9.704498	1769	2014910208.000000
281474976710655.000000	9.433959	1770	2015963904.000000
281474976710655.000000	9.876119	1771	2016983936.000000
281474976710655.000000	9.302794	1772	2018035712.000000
281474976710655.000000	9.773721	1773	2019056384.000000
281474976710655.000000	9.406629	1774	2020108544.000000
281474976710655.000000	9.918631	1775	2021129088.000000
281474976710655.000000	9.239134	1776	2022179840.000000
281474976710655.000000	9.855034	1777	2023203968.000000
281474976710655.000000	9.449333	1778	2024251392.000000
281474976710655.000000	9.877964	1779	2025277312.000000
281474976710655.000000	9.338156	1780	2026321664.000000
281474976710655.000000	9.886735	1781	2027350528.000000
281474976710655.000000	9.513810	1782	2028393216.000000
281474976710655.000000	9.979450	1783	2029424384.000000
281474976710655.000000	9.311090	1784	2030464896.000000
281474976710655.000000	9.817613	1785	2031497728.000000
281474976710655.000000	9.479645	1786	2032536576.000000
281474976710655.000000	9.775167	1787	2033570304.000000
281474976710655.000000	9.392190	1788	2034608128.000000
281474976710655.000000	9.964847	1789	2035643264.000000
281474976710655.000000	9.480123	1790	2036679936.000000
281474976710655.000000	9.808938	1791	2037715968.000000
281474976710655.000000	9.780889	1792	2038752896.000000
281474976710655.000000	9.936798	1793	2039788544.000000
281474976710655.000000	9.588279	1794	2040824064.000000
281474976710655.000000	9.916753	1795	2041860608.000000
281474976710655.000000	9.470389	1796	2042897920.000000
281474976710655.000000	10.021278	1797	2043931136.000000
281474976710655.000000	9.470001	1798	2044972288.000000
281474976710655.000000	10.127677	1799	2046002816.000000
281474976710655.000000	9.627427	1800	2047044736.000000
281474976710655.000000	10.044381	1801	2048074624.000000
281474976710655.000000	9.290385	1802	2049118592.000000
281474976710655.000000	10.207342	1803	2050145920.000000
281474976710655.000000	9.424075	1804	2051192576.000000
281474976710655.000000	10.541459	1805	2052217216.000000
281474976710655.000000	9.462271	1806	2053265152.000000
281474976710655.000000	10.139679	1807	2054288128.000000
281474976710655.000000	9.365487	1808	2055338752.000000
281474976710655.000000	10.279529	1809	2056360064.000000
281474976710655.000000	9.471125	1810	2057412096.000000
281474976710655.000000	10.163058	1811	2058432512.000000
281474976710655.000000	9.567600	1812	2059485696.000000
281474976710655.000000	10.155516	1813	2060504320.000000
281474976710655.000000	9.219572	1814	2061557888.000000
