num crossings	time (s)	maj axis (mm)	min axis (mm)	theta (rad )	slope (V/s)
2137	3362.801352	48.553871	2.062268	1.586243	3.058844
2139	3364.870725	46.595334	2.163703	1.598200	3.283932
2141	3366.945733	49.245797	2.205100	1.586440	2.862874
2143	3369.018362	47.370123	2.244417	1.596856	3.145604
2145	3371.091946	48.318621	2.295100	1.599128	3.438771
2147	3373.164015	50.181313	2.397440	1.586286	3.055068
2149	3375.237285	50.612491	2.467641	1.586888	3.305938
2151	3377.311316	50.803061	2.658086	1.578253	3.401472
2153	3379.382374	51.639415	2.787665	1.583882	3.422298
2155	3381.455771	51.318092	6.058450	1.489854	3.260964
2157	3383.528394	52.428634	3.503839	1.644519	3.433021
2159	3385.599711	50.502069	2.599877	1.594133	3.633911
2161	3387.672870	52.797857	2.982100	1.574500	3.526731
2163	3389.745530	58.786611	5.760490	1.596576	3.502681
2165	3391.817432	58.628204	5.822365	1.598096	3.678372
2167	3393.890570	59.318018	5.849315	1.602403	3.446816
2169	3395.963325	59.426876	5.848663	1.597404	3.755587
2171	3398.037105	54.202333	3.350143	1.582670	3.742485
2173	3400.108951	54.165550	3.241988	1.585719	3.699254
2175	3402.182525	54.543799	3.480677	1.576357	3.815972
2177	3404.255731	55.995982	4.283157	1.646267	3.784140
2179	3406.328492	52.739193	3.223980	1.592331	4.032958
2181	3408.401799	55.328852	3.496850	1.584431	3.830499
2183	3410.475101	53.687040	6.785330	1.475281	3.982296
2185	3412.548835	56.038116	3.786997	1.582332	3.790268
2187	3414.621950	55.948756	3.660619	1.586097	3.977401
2189	3416.694720	57.783813	7.041250	1.482320	3.883229
2191	3418.767138	61.898711	6.384731	1.598141	3.979628
2193	3420.839261	57.814276	4.863324	1.647441	3.925458
2195	3422.912429	54.152778	3.736473	1.587019	4.039600
2197	3424.985451	54.973037	3.889169	1.591581	4.042205
2199	3427.057666	58.715844	7.111716	1.483156	4.179650
2201	3429.130107	55.032354	5.499870	1.588305	4.105907
2203	3431.202801	63.392937	6.585125	1.597756	4.188435
2205	3433.275694	55.905601	5.613862	1.589442	4.087347
2207	3435.348670	58.285594	5.451482	1.652092	4.250470
2209	3437.420657	58.532944	4.344244	1.586992	4.091842
2211	3439.493191	59.863150	7.744491	1.479020	4.208714
2213	3441.566281	56.955613	5.959632	1.588273	4.202634
2215	3443.637478	56.130694	6.134175	1.591636	4.313448
2217	3445.709902	57.058642	6.139558	1.587845	4.344277
2219	3447.781917	65.203640	7.291453	1.603740	4.289930
2221	3449.854091	61.036838	5.952543	1.654371	4.366346
2223	3451.926106	61.616027	8.193453	1.472960	4.421915
2225	3453.998195	65.265778	7.222945	1.603067	4.317380
2227	3456.070616	60.389641	5.085550	1.584345	4.434265
2229	3458.143244	64.924074	8.270523	1.477377	4.520882
2231	3460.215378	61.861594	6.372845	1.655730	4.456068
2233	3462.289076	59.751816	5.032985	1.593646	4.444484
2235	3464.361255	61.889100	8.509539	1.470572	4.563271
2237	3466.434049	59.285199	6.678043	1.589373	4.481472
2239	3468.506653	61.524123	5.453452	1.586623	4.469730
2241	3470.579646	61.561977	5.422952	1.589022	4.361925
2243	3472.652013	60.266488	5.320097	1.594431	4.516731
2245	3474.725413	61.895764	5.527943	1.588923	4.599487
2247	3476.797778	62.397852	5.959992	1.582270	4.472308
2249	3478.870314	66.995447	8.013547	1.599328	4.664786
2251	3480.942936	67.098122	8.154472	1.600722	4.675096
2253	3483.015399	62.465334	5.924914	1.588167	4.583579
2255	3485.087558	62.688569	5.874438	1.590246	4.657718
2257	3487.160222	70.060346	7.703911	1.478313	4.703573
2259	3489.232633	67.985497	9.305929	1.598118	4.780308
2261	3491.304938	65.300430	7.662932	1.664431	4.646113
2263	3493.377027	63.230450	6.107177	1.591945	4.809341
2265	3495.449295	63.306350	6.216225	1.592557	4.770107
2267	3497.521466	62.121529	6.165390	1.598885	4.714255
2269	3499.594425	62.590139	6.203019	1.597333	4.772477
2271	3501.665846	64.490318	6.774544	1.589335	4.714001
2273	3503.737168	63.930617	6.522393	1.595273	4.883931
2275	3505.810214	63.074372	6.083714	1.593139	5.068024
2277	3507.882280	66.238375	9.815274	1.472695	4.906395
2279	3509.953892	64.409843	6.821075	1.593176	4.944150
2281	3512.025723	65.108089	6.982309	1.586629	5.048076
2283	3514.097989	65.182019	8.307000	1.667165	4.921060
2285	3516.170342	65.190061	7.083064	1.585294	4.900873
2287	3518.242516	64.716450	6.981469	1.596783	4.991599
2289	3520.314847	64.950112	7.006359	1.596537	4.865481
2291	3522.387227	66.857839	10.055549	1.469074	4.953128
2293	3524.459779	63.099001	8.705433	1.601496	5.098658
2295	3526.532388	69.211347	9.260485	1.611822	5.007454
2297	3528.604745	66.940411	9.035702	1.677966	5.240725
2299	3530.677182	65.560712	7.285762	1.599257	5.092394
2301	3532.750529	67.680034	10.383784	1.472439	5.003153
2303	3534.822878	69.332979	9.569737	1.610904	5.110982
2305	3536.895291	69.914781	9.615045	1.610106	5.077834
2307	3538.967840	67.265170	9.366140	1.680230	5.067398
2309	3541.040452	64.951242	7.281618	1.598826	5.118705
2311	3543.112713	66.569272	9.850866	1.461017	5.133808
2313	3545.184548	64.449748	9.374932	1.608469	5.221230
2315	3547.257329	64.203234	9.518606	1.611228	5.122549
2317	3549.329099	64.311677	9.539744	1.609833	5.290304
2319	3551.401539	64.298848	9.679729	1.612217	5.243080
2321	3553.473806	66.574842	8.198858	1.606815	5.096465
2323	3555.546218	70.346695	10.920889	1.483874	5.239344
2325	3557.618296	71.386226	10.352655	1.618220	5.222889
2327	3559.691141	66.764562	10.201991	1.692901	5.247631
2329	3561.762959	65.928553	8.331411	1.603848	5.049941
2331	3563.834652	65.341587	8.236445	1.606474	5.251782
2333	3565.906489	68.433392	11.463279	1.480739	5.146556
2335	3567.978707	67.279178	8.662332	1.611733	5.142818
2337	3570.050381	67.405936	8.668551	1.611709	5.068484
2339	3572.122478	71.171983	10.414751	1.484741	5.363973
2341	3574.194913	71.605628	11.123888	1.624558	5.405233
2343	3576.267116	67.340699	10.634877	1.687731	5.319971
2345	3578.340069	66.830722	8.375074	1.606530	5.236722
2347	3580.411754	68.502551	9.481287	1.607190	5.189395
2349	3582.486834	72.146036	11.581395	1.628561	5.417019
2351	3584.554954	67.642875	9.289044	1.616680	4.982964
2353	3586.628028	68.201226	9.628241	1.610452	5.313616
2355	3588.700964	67.693570	9.568152	1.616646	5.277819
2357	3590.773251	67.197510	8.872134	1.615020	5.486572
2359	3592.845825	68.066851	9.493338	1.618210	5.457327
2361	3594.918363	70.847998	11.973605	1.476193	5.246247
2363	3596.990825	73.122950	11.895496	1.632767	5.266938
2365	3599.063035	68.210171	9.758071	1.621427	5.499421
2367	3601.135811	68.505924	9.703462	1.621088	5.381972
2369	3603.208225	72.140777	12.151363	1.490381	5.297687
2371	3605.279910	68.671796	11.272333	1.710555	5.232552
2373	3607.351631	68.201338	9.849055	1.623603	5.509245
2375	3609.423826	67.663795	10.025606	1.624782	5.443324
2377	3611.496124	68.297343	9.940573	1.620730	5.242406
2379	3613.568576	68.928687	10.119206	1.627816	5.298506
2381	3615.640636	69.821543	10.666025	1.629153	5.287431
2383	3617.713024	67.181436	11.876835	1.635751	5.236425
2385	3619.785313	67.545991	12.031297	1.706021	5.325433
2387	3621.856777	68.357647	10.113295	1.621875	5.467954
2389	3623.928873	68.571681	10.172985	1.626683	5.336712
2391	3626.000642	69.120788	10.697481	1.634224	5.333521
2393	3628.073521	70.489812	10.884898	1.626190	5.441156
2395	3630.145434	72.902326	12.953092	1.645234	5.224808
2397	3632.217705	72.804137	13.019315	1.644650	5.302255
2399	3634.289157	69.316648	10.825631	1.636178	5.334099
2401	3636.361700	69.031651	10.578008	1.627785	5.358028
2403	3638.433907	72.952216	12.917163	1.499706	5.280762
2405	3640.506226	72.526203	13.165267	1.649878	5.331780
2407	3642.578440	73.083177	13.595680	1.653664	5.410368
2409	3644.651049	67.878909	12.773456	1.648645	5.291059
2411	3646.723258	69.554561	11.202588	1.643165	5.244694
2413	3648.795517	70.492144	11.760137	1.635168	5.314140
2415	3650.867835	69.678404	11.288298	1.645659	5.519275
2417	3652.940552	70.926476	11.969048	1.639402	5.320573
2419	3655.012369	69.554682	11.633636	1.648153	5.446408
2421	3657.085038	69.221137	11.388046	1.641341	5.424280
2423	3659.157075	69.914802	11.767198	1.647422	5.447858
2425	3661.230113	69.347728	11.102089	1.637380	5.330120
2427	3663.300940	69.489285	11.621687	1.641770	5.251985
2429	3665.372765	70.194014	11.894886	1.650109	5.331138
2431	3667.445155	69.521606	11.587612	1.642651	5.223006
2433	3669.517120	72.605068	14.680605	1.525527	5.448081
