time (s)	energy (uJ)	charge (mC)	voltage (mV)	crossing#mod 255
3367.150302	54.929104	0.016050	3.422316	92
3368.211905	52.332592	0.016052	3.260144	93
3369.221750	55.136272	0.016028	3.440073	94
3370.286360	50.335735	0.016010	3.143928	95
3371.294608	51.772762	0.016052	3.225217	96
3372.357988	53.462509	0.016062	3.328480	97
3373.366989	56.575100	0.016026	3.530268	98
3374.430164	53.403439	0.016028	3.331967	99
3375.438972	55.495090	0.016027	3.462611	100
3376.505514	49.895454	0.016062	3.106374	101
3377.514424	51.151783	0.016050	3.187077	102
3378.575463	51.006794	0.016033	3.181412	103
3379.585199	53.569660	0.016027	3.342562	104
3380.650879	51.902031	0.016052	3.233465	105
3381.659069	54.742558	0.016048	3.411162	106
3382.723906	50.457832	0.016054	3.142968	107
3383.731195	53.693653	0.016034	3.348763	108
3384.796112	49.923061	0.016057	3.109121	109
3385.802862	53.815830	0.016021	3.359148	110
3386.869619	50.101830	0.016053	3.121114	111
3387.876376	52.509068	0.016033	3.274990	112
3388.943146	51.271633	0.016055	3.193475	113
3389.948274	54.256088	0.016031	3.384454	114
3391.017831	48.011604	0.015992	3.002309	115
3392.020525	53.379517	0.016052	3.325489	116
3393.088472	50.506844	0.016063	3.144374	117
3394.094675	52.587841	0.016034	3.279736	118
3395.162055	48.879883	0.016092	3.037496	119
3396.166601	52.005329	0.016063	3.237671	120
3397.233465	49.915897	0.016031	3.113620	121
3398.241641	51.359505	0.016059	3.198275	122
3399.305619	49.620781	0.016029	3.095615	123
3400.311714	50.786133	0.016030	3.168201	124
3401.379843	48.645260	0.016029	3.034915	125
3402.387938	50.194366	0.016049	3.127557	126
3403.452098	48.956429	0.016059	3.048468	127
3404.458567	52.207245	0.016034	3.256077	128
3405.524606	47.616730	0.016040	2.968563	129
3406.531263	49.885746	0.016028	3.112491	130
3407.595631	48.766903	0.016038	3.040682	131
3408.606235	49.874748	0.016057	3.106165	132
3409.668776	49.075588	0.016012	3.064847	133
3410.678125	50.455280	0.016065	3.140694	134
3411.740639	47.723301	0.016041	2.975127	135
3412.753212	49.830158	0.016066	3.101580	136
3413.812915	45.787922	0.016030	2.856460	137
3414.824722	48.858501	0.016003	3.053062	138
3415.885118	47.446014	0.016057	2.954796	139
3416.887108	70.336517	0.016040	4.385104	140
3417.957539	47.203880	0.016032	2.944346	141
3418.970955	48.168652	0.016026	3.005617	142
3420.030340	47.146591	0.016039	2.939484	143
3421.043559	48.313469	0.016053	3.009709	144
3422.102676	46.745991	0.016035	2.915300	145
3423.115268	47.698833	0.016005	2.980196	146
3424.174946	47.253185	0.016040	2.945894	147
3425.187958	47.979507	0.016033	2.992570	148
3426.247000	47.329777	0.016050	2.948818	149
3427.261773	47.606319	0.016043	2.967424	150
3428.320175	46.450890	0.016040	2.895899	151
3429.334800	46.687279	0.016018	2.914662	152
3430.391947	46.575161	0.016065	2.899096	153
3431.406474	47.588650	0.016055	2.964088	154
3432.464255	46.188454	0.016008	2.885376	155
3433.478711	47.702068	0.016057	2.970849	156
3434.538583	45.103012	0.016033	2.813090	157
3435.551549	47.103046	0.016033	2.937790	158
3436.609081	43.294544	0.016043	2.698664	159
3437.623016	46.725903	0.016017	2.917290	160
3438.665534	53.990891	0.016053	3.363394	161
3439.696319	46.424561	0.016059	2.890835	162
3440.754797	44.856617	0.016023	2.799543	163
3441.768600	42.705891	0.016027	2.664616	164
3442.827181	42.931938	0.016031	2.678111	165
3443.840846	46.491180	0.016044	2.897641	166
3444.899680	44.009270	0.016035	2.744650	167
3445.906378	48.688351	0.016033	3.036742	168
3446.973799	43.363224	0.016035	2.704247	169
3447.984914	46.219677	0.016058	2.878366	170
3449.036963	47.145512	0.016056	2.936405	171
3450.057116	45.781567	0.016030	2.856052	172
3451.108706	47.662292	0.016064	2.967091	173
3452.129869	44.955299	0.016024	2.805513	174
3453.191289	42.988018	0.016063	2.676278	175
3454.189519	51.538971	0.016063	3.208602	176
3455.263205	43.013229	0.016086	2.674026	177
3456.274420	44.480061	0.016023	2.776099	178
3457.336224	42.474113	0.016061	2.644571	179
3458.346324	44.920769	0.016060	2.797003	180
3459.409717	41.680401	0.016029	2.600233	181
3460.419765	43.826225	0.016042	2.732033	182
3461.481300	41.998806	0.016051	2.616610	183
3462.491860	43.930305	0.015977	2.749632	184
3463.553895	41.553864	0.016046	2.589737	185
3464.564509	43.664391	0.016052	2.720260	186
3465.628732	40.363953	0.016032	2.517758	187
3466.637466	43.692303	0.016041	2.723861	188
3467.697241	41.382645	0.016056	2.577384	189
3468.709083	45.103161	0.016040	2.811998	190
3469.768865	41.434624	0.016008	2.588369	191
3470.784133	42.126945	0.016031	2.627775	192
3471.840539	42.039612	0.016034	2.621958	193
3472.854692	43.146786	0.016004	2.696056	194
3473.913107	41.464676	0.016043	2.584553	195
3474.927967	42.267376	0.016066	2.630857	196
3475.984866	41.332100	0.016037	2.577271	197
3477.000789	42.281834	0.016059	2.632959	198
3478.058355	40.271332	0.016036	2.511372	199
3479.074145	41.364639	0.016035	2.579610	200
3480.130671	40.419308	0.016043	2.519424	201
3481.149156	40.237682	0.016065	2.504613	202
3482.201437	40.653767	0.016039	2.534750	203
3483.217635	41.450851	0.016053	2.582095	204
3484.274343	40.200867	0.016037	2.506794	205
3485.289886	41.608707	0.016039	2.594177	206
3486.348244	40.053982	0.016058	2.494364	207
3487.363538	40.318974	0.016108	2.503055	208
3488.419390	39.828064	0.016024	2.485545	209
3489.436004	40.799194	0.016059	2.540576	210
3490.491615	39.659718	0.016062	2.469210	211
3491.508485	40.462341	0.016011	2.527114	212
3492.564486	39.078575	0.016029	2.438011	213
3493.579816	40.855228	0.016034	2.547995	214
3494.635935	40.302750	0.016017	2.516313	215
3495.652339	39.780025	0.016002	2.485952	216
3496.709418	38.719929	0.016037	2.414450	217
3497.724268	40.208179	0.016027	2.508776	218
3498.782330	38.587128	0.016011	2.410058	219
3499.795767	40.360394	0.016030	2.517777	220
3500.854464	38.516396	0.016063	2.397881	221
3501.869227	39.227905	0.016050	2.444036	222
3502.927241	38.879559	0.016056	2.421439	223
3503.939532	40.089149	0.016024	2.501763	224
3504.999021	37.967422	0.016067	2.363120	225
3506.014233	39.333897	0.016056	2.449850	226
3507.070975	38.068501	0.016034	2.374166	227
3508.085374	39.344086	0.016055	2.450548	228
3509.144893	37.109100	0.016057	2.311019	229
3511.216209	37.684105	0.015999	2.355423	231
3512.227581	40.099098	0.016028	2.501772	232
3513.289420	37.108040	0.016031	2.314808	233
3514.300621	39.945965	0.016038	2.490672	234
3515.361052	37.348461	0.016038	2.328818	235
3516.374009	39.012619	0.016037	2.432709	236
3517.418824	44.465809	0.016018	2.776063	237
3518.445876	38.917290	0.016028	2.428017	238
3519.506667	37.398121	0.016055	2.329313	239
3520.519015	38.126789	0.016064	2.373487	240
3521.576904	37.388199	0.016070	2.326544	241
3522.590401	38.159252	0.016060	2.376044	242
3523.651675	36.174599	0.016059	2.252537	243
3524.662998	38.369541	0.016065	2.388322	244
3525.722802	36.755226	0.016045	2.290802	245
3526.736330	38.001823	0.016014	2.373058	246
3527.795022	35.902374	0.016059	2.235619	247
3528.807422	37.993866	0.016025	2.370894	248
3529.868322	35.835285	0.016032	2.235234	249
3530.879869	38.280373	0.016039	2.386727	250
3531.939115	35.387970	0.016020	2.209043	251
3532.953617	36.701176	0.016058	2.285551	252
3534.011430	35.592072	0.016068	2.215095	253
3535.026101	36.814327	0.016066	2.291482	254
3536.083458	35.584820	0.016039	2.218670	255
3537.098583	36.797470	0.016048	2.292973	0
3538.154350	35.391895	0.016030	2.207883	1
3539.171949	35.896324	0.016063	2.234758	2
3540.228057	34.784538	0.016026	2.170543	3
3541.243315	36.229408	0.016060	2.255930	4
3542.299491	35.131878	0.016058	2.187785	5
3543.316721	35.797329	0.016042	2.231475	6
3544.374075	34.278694	0.016038	2.137279	7
3545.388386	35.969833	0.016033	2.243549	8
3546.445176	34.452644	0.016057	2.145692	9
3547.460568	35.364918	0.016060	2.202097	10
3548.516010	34.998497	0.016056	2.179754	11
3549.532468	35.807812	0.016035	2.233094	12
3550.589598	34.164158	0.016054	2.128018	13
3551.605292	35.382687	0.016060	2.203157	14
3552.661656	34.399529	0.016046	2.143742	15
3553.677996	35.738163	0.016068	2.224157	16
3554.732974	34.716286	0.016070	2.160264	17
3555.748032	36.278881	0.016041	2.261677	18
3556.805623	33.946476	0.016043	2.115924	19
3557.822157	34.823814	0.016009	2.175235	20
3558.878863	33.461113	0.016037	2.086435	21
3559.895554	34.172832	0.016054	2.128562	22
3560.950844	33.140965	0.016031	2.067330	23
3561.965822	35.321411	0.016031	2.203378	24
3563.022222	33.879314	0.016035	2.112798	25
3564.037068	34.947582	0.016092	2.171792	26
3565.095649	33.021217	0.016023	2.060847	27
3566.109565	34.778194	0.016064	2.165014	28
3567.167012	33.208797	0.016071	2.066372	29
3568.182831	33.854801	0.016070	2.106675	30
3569.237591	33.655228	0.016044	2.097697	31
3570.253064	34.704567	0.016032	2.164668	32
3571.312468	32.681290	0.016051	2.036119	33
3572.325553	34.417980	0.016050	2.144487	34
3573.383903	32.351048	0.016035	2.017508	35
3574.398133	33.996788	0.016060	2.116808	36
3575.457655	32.138344	0.016011	2.007267	37
3576.469325	34.422920	0.016017	2.149089	38
3577.529186	32.551430	0.016051	2.028024	39
3578.544419	32.526566	0.016066	2.024565	40
3579.600107	33.178425	0.016059	2.065993	41
3580.615163	33.534386	0.016036	2.091239	42
3581.673442	32.497044	0.016035	2.026687	43
3582.690125	30.499981	0.016033	1.902319	44
3583.749162	28.968885	0.016070	1.802615	45
3584.757245	34.804722	0.016031	2.171111	46
3585.817607	31.939993	0.016032	1.992319	47
3586.831305	33.450630	0.016061	2.082735	48
3587.890338	31.212215	0.016043	1.945555	49
3588.895932	37.283882	0.016032	2.325610	50
3589.961385	31.722790	0.016033	1.978565	51
3590.976179	32.959194	0.016036	2.055304	52
3592.035184	30.739288	0.016067	1.913228	53
3593.048557	33.288975	0.016040	2.075348	54
3594.106059	31.597786	0.016067	1.966617	55
3595.122106	32.657974	0.016014	2.039282	56
3596.178493	31.312279	0.016030	1.953385	57
3597.195925	31.696117	0.016060	1.973557	58
3598.249916	31.269470	0.016035	1.950122	59
3599.265826	32.407036	0.016031	2.021540	60
3600.322290	31.053852	0.016011	1.939507	61
3601.338603	32.436169	0.016041	2.022072	62
3602.395272	30.414175	0.016034	1.896838	63
3603.410971	32.109890	0.016046	2.001073	64
3604.467364	30.304096	0.016034	1.890010	65
3605.482587	31.976440	0.016036	1.994023	66
3606.539570	30.707897	0.016034	1.915131	67
3607.554223	31.955387	0.016026	1.993967	68
3608.612002	30.851036	0.016043	1.922975	69
3609.626682	32.168350	0.016036	2.005968	70
3610.682856	30.805542	0.016036	1.921083	71
3611.699050	31.675142	0.016033	1.975660	72
3612.755431	30.631666	0.016051	1.908365	73
3613.771141	31.932142	0.016032	1.991764	74
3614.829081	29.549496	0.016039	1.842340	75
3615.843821	31.595057	0.016065	1.966754	76
3616.900192	29.843679	0.016044	1.860087	77
3617.917194	30.967140	0.016038	1.930863	78
3618.973315	30.141493	0.016041	1.879079	79
3619.989289	30.856569	0.016069	1.920236	80
3621.045067	29.349909	0.016030	1.830902	81
3622.059572	30.376816	0.016073	1.889907	82
3623.117625	29.533787	0.016063	1.838604	83
3624.131637	31.628439	0.016032	1.972809	84
3625.190575	29.194166	0.016050	1.818970	85
3626.204487	30.984587	0.016044	1.931258	86
3627.261021	29.449528	0.016021	1.838141	87
3628.277305	30.859869	0.016033	1.924753	88
3629.332457	29.276880	0.016043	1.824936	89
3630.348696	30.573704	0.016062	1.903500	90
3631.406271	29.207170	0.016044	1.820474	91
3632.421144	30.630295	0.016043	1.909301	92
3633.478709	28.804590	0.016037	1.796119	93
3634.494072	29.812584	0.016039	1.858780	94
3635.551278	28.605261	0.016042	1.783170	95
3636.564144	30.986244	0.016037	1.932230	96
3637.623447	28.496597	0.016018	1.778981	97
3638.637920	30.262405	0.016039	1.886837	98
3639.696029	28.403954	0.016021	1.772948	99
3640.710061	30.182083	0.016026	1.883284	100
3641.767313	28.772636	0.016038	1.793998	101
3642.781458	30.371288	0.016030	1.894612	102
3643.838616	28.577892	0.016054	1.780069	103
3644.854303	76.128181	0.016035	4.747670	104
3645.911270	28.093309	0.016045	1.750928	105
3646.925713	29.987482	0.016043	1.869231	106
3647.983371	28.024536	0.016031	1.748148	107
3648.997316	26.906439	0.016043	1.677165	108
3650.055815	25.611401	0.016036	1.597167	109
3651.072446	29.154381	0.016035	1.818145	110
3652.186878	8.776282	0.016045	0.546984	111
3653.144049	29.416481	0.016038	1.834138	112
3654.199504	28.158470	0.016042	1.755249	113
3655.216525	29.026781	0.016060	1.807369	114
3656.273777	27.169474	0.016068	1.690923	115
3657.287735	29.643223	0.016035	1.848645	116
3658.343977	27.985016	0.016033	1.745473	117
3659.361973	28.539818	0.016035	1.779836	118
3660.416129	27.912085	0.016057	1.738332	119
3661.432555	28.958134	0.016031	1.806426	120
3662.489640	27.923206	0.016017	1.743369	121
3663.480081	41.292339	0.016032	2.575589	122
3664.561778	27.718414	0.016030	1.729199	123
3665.576736	23.804319	0.016059	1.482279	124
3666.633584	27.502277	0.016056	1.712934	125
3667.650105	27.801649	0.016037	1.733581	126
3668.707923	26.921587	0.016030	1.679437	127
3669.722364	27.672974	0.016065	1.722601	128
3670.779504	27.015181	0.016030	1.685244	129
3671.792616	28.564316	0.016056	1.779014	130
