crossing time (s)	slope (V/s)	crossing number
281474976710655.000000	6.800535	3742	4111379712.000000
281474976710655.000000	6.753505	3743	4112443136.000000
281474976710655.000000	6.945405	3744	4113448448.000000
281474976710655.000000	6.276861	3745	4114517504.000000
281474976710655.000000	6.849805	3746	4115525632.000000
281474976710655.000000	7.150791	3747	4116590080.000000
281474976710655.000000	7.750381	3748	4117604608.000000
281474976710655.000000	7.572677	3749	4118661120.000000
281474976710655.000000	7.856314	3750	4119675904.000000
281474976710655.000000	8.114377	3751	4120731904.000000
281474976710655.000000	7.932675	3752	4121751552.000000
281474976710655.000000	7.666828	3753	4122807808.000000
281474976710655.000000	8.065332	3754	4123824640.000000
281474976710655.000000	8.594348	3755	4124883200.000000
281474976710655.000000	9.356017	3756	4125895424.000000
281474976710655.000000	8.604905	3757	4126957312.000000
281474976710655.000000	8.807683	3758	4127967488.000000
281474976710655.000000	8.343366	3759	4129032448.000000
281474976710655.000000	9.079287	3760	4130040832.000000
281474976710655.000000	9.279769	3761	4131106816.000000
281474976710655.000000	9.457520	3762	4132115968.000000
281474976710655.000000	9.678828	3763	4133177344.000000
281474976710655.000000	10.052411	3764	4134192896.000000
281474976710655.000000	9.521252	3765	4135246080.000000
281474976710655.000000	10.267272	3766	4136271360.000000
281474976710655.000000	10.144435	3767	4137314816.000000
281474976710655.000000	10.193561	3768	4138346240.000000
281474976710655.000000	9.826155	3769	4139388928.000000
281474976710655.000000	10.590224	3770	4140418560.000000
281474976710655.000000	11.509212	3771	4141466368.000000
281474976710655.000000	11.445219	3772	4142486272.000000
281474976710655.000000	10.436397	3773	4143544320.000000
281474976710655.000000	10.745304	3774	4144556800.000000
281474976710655.000000	11.207800	3775	4145620480.000000
281474976710655.000000	12.389755	3776	4146631936.000000
281474976710655.000000	11.795290	3777	4147689472.000000
281474976710655.000000	12.053752	3778	4148709376.000000
281474976710655.000000	11.896058	3779	4149759232.000000
281474976710655.000000	12.347081	3780	4150786304.000000
281474976710655.000000	12.513029	3781	4151830016.000000
281474976710655.000000	12.836730	3782	4152860928.000000
281474976710655.000000	12.114865	3783	4153901824.000000
281474976710655.000000	12.378726	3784	4154934528.000000
281474976710655.000000	12.739685	3785	4155978496.000000
281474976710655.000000	13.287356	3786	4157005824.000000
281474976710655.000000	13.299789	3787	4158051584.000000
281474976710655.000000	13.549812	3788	4159077632.000000
281474976710655.000000	12.489585	3789	4160126720.000000
281474976710655.000000	14.063517	3790	4161150208.000000
281474976710655.000000	13.869207	3791	4162201856.000000
281474976710655.000000	14.578049	3792	4163222528.000000
281474976710655.000000	14.000196	3793	4164274176.000000
281474976710655.000000	14.191141	3794	4165296640.000000
281474976710655.000000	14.145920	3795	4166346240.000000
281474976710655.000000	15.282191	3796	4167371776.000000
281474976710655.000000	14.763206	3797	4168419072.000000
281474976710655.000000	15.820835	3798	4169446400.000000
281474976710655.000000	14.661124	3799	4170490368.000000
281474976710655.000000	15.912780	3800	4171521792.000000
281474976710655.000000	15.575535	3801	4172562432.000000
281474976710655.000000	15.695437	3802	4173594880.000000
281474976710655.000000	15.589930	3803	4174635776.000000
281474976710655.000000	15.664513	3804	4175666688.000000
281474976710655.000000	15.018369	3805	4176711168.000000
281474976710655.000000	16.913561	3806	4177737472.000000
281474976710655.000000	16.241045	3807	4178787840.000000
281474976710655.000000	16.714258	3808	4179808000.000000
281474976710655.000000	16.537277	3809	4180864256.000000
281474976710655.000000	16.813801	3810	4181879296.000000
281474976710655.000000	17.098442	3811	4182937856.000000
281474976710655.000000	17.323563	3812	4183953664.000000
281474976710655.000000	17.578257	3813	4185008384.000000
281474976710655.000000	17.745529	3814	4186030336.000000
281474976710655.000000	17.364408	3815	4187077888.000000
281474976710655.000000	17.962273	3816	4188107520.000000
281474976710655.000000	17.942976	3817	4189148928.000000
281474976710655.000000	18.668341	3818	4190181376.000000
281474976710655.000000	18.108515	3819	4191222016.000000
281474976710655.000000	18.076813	3820	4192254720.000000
281474976710655.000000	18.944307	3821	4193296384.000000
281474976710655.000000	19.648577	3822	4194326528.000000
281474976710655.000000	18.370792	3823	4195371520.000000
281474976710655.000000	19.634571	3824	4196397824.000000
281474976710655.000000	18.750580	3825	4197446144.000000
281474976710655.000000	19.400185	3826	4198470144.000000
281474976710655.000000	19.227160	3827	4199520256.000000
281474976710655.000000	18.045044	3828	4200543232.000000
281474976710655.000000	21.105783	3829	4201593856.000000
281474976710655.000000	19.651775	3830	4202616832.000000
281474976710655.000000	19.590340	3831	4203666944.000000
281474976710655.000000	20.111586	3832	4204689664.000000
281474976710655.000000	20.189795	3833	4205740032.000000
281474976710655.000000	21.377794	3834	4206764032.000000
281474976710655.000000	21.047243	3835	4207812608.000000
281474976710655.000000	21.342003	3836	4208838400.000000
281474976710655.000000	20.561708	3837	4209884416.000000
281474976710655.000000	21.139496	3838	4210913280.000000
281474976710655.000000	20.822983	3839	4211956224.000000
281474976710655.000000	22.491800	3840	4212988160.000000
281474976710655.000000	21.157759	3841	4214028288.000000
281474976710655.000000	22.391817	3842	4215062016.000000
281474976710655.000000	22.132723	3843	4216101888.000000
281474976710655.000000	22.679224	3844	4217134592.000000
281474976710655.000000	21.062506	3845	4218177024.000000
281474976710655.000000	21.685966	3846	4219205120.000000
281474976710655.000000	22.223322	3847	4220252672.000000
281474976710655.000000	24.747972	3848	4221274624.000000
281474976710655.000000	20.541161	3849	4222329088.000000
281474976710655.000000	23.421425	3850	4223347456.000000
281474976710655.000000	23.114500	3851	4224402688.000000
281474976710655.000000	21.085056	3852	4225421312.000000
281474976710655.000000	23.039455	3853	4226474240.000000
281474976710655.000000	23.703920	3854	4227496192.000000
281474976710655.000000	22.898848	3855	4228546048.000000
281474976710655.000000	24.418001	3856	4229571584.000000
281474976710655.000000	23.119268	3857	4230617600.000000
281474976710655.000000	24.385221	3858	4231646464.000000
281474976710655.000000	24.297180	3859	4232689152.000000
281474976710655.000000	24.278828	3860	4233720832.000000
281474976710655.000000	24.702015	3861	4234761728.000000
281474976710655.000000	23.086285	3862	4235794944.000000
281474976710655.000000	26.520405	3863	4236834304.000000
281474976710655.000000	23.018635	3864	4237868544.000000
281474976710655.000000	24.163780	3865	4238907392.000000
281474976710655.000000	25.395037	3866	4239941888.000000
281474976710655.000000	22.953211	3867	4240980736.000000
