time (s)	energy (uJ)	charge (mC)	voltage (mV)	crossing#mod 255
4334.418311	65.601028	0.016060	4.084867	38
4335.463638	65.530861	0.016060	4.080278	39
4336.491152	66.909790	0.016059	4.166601	40
4337.536446	63.233387	0.016046	3.940683	41
4338.562889	67.001060	0.016075	4.168023	42
4339.610184	66.698097	0.016039	4.158478	43
4340.637556	67.883484	0.016077	4.222283	44
4341.682877	65.054123	0.016080	4.045644	45
4342.707833	68.998955	0.016056	4.297485	46
4343.755661	66.041183	0.016074	4.108500	47
4344.780896	67.619156	0.016064	4.209239	48
4345.827274	66.531395	0.016068	4.140721	49
4346.855643	69.022278	0.016061	4.297585	50
4347.901847	66.610481	0.016055	4.148876	51
4348.927156	68.414879	0.016079	4.254852	52
4349.973198	67.056946	0.016088	4.168194	53
4350.999215	68.725395	0.016054	4.280848	54
4352.047287	65.806030	0.016094	4.088941	55
4353.073337	68.735367	0.016059	4.280092	56
4354.119727	67.038521	0.016064	4.173252	57
4355.143906	69.911652	0.016063	4.352366	58
4356.194587	66.058067	0.016093	4.104756	59
4357.219125	68.464684	0.016077	4.258539	60
4358.264570	66.434158	0.016113	4.123059	61
4359.292390	67.943413	0.016057	4.231497	62
4360.338773	65.929924	0.016072	4.102153	63
4361.363965	67.835793	0.016068	4.221814	64
4362.411712	63.314434	0.016077	3.938149	65
4363.436870	69.073952	0.016053	4.302854	66
4364.484334	66.164467	0.016085	4.113533	67
4365.508758	68.502922	0.016101	4.254517	68
4366.557723	66.191353	0.016065	4.120305	69
4367.583762	67.521996	0.016038	4.210215	70
4368.629492	65.298050	0.016086	4.059333	71
4369.655545	68.104050	0.016077	4.236203	72
4370.702336	66.643234	0.016086	4.142955	73
4371.728112	67.997528	0.016056	4.235066	74
4372.774416	65.449074	0.016061	4.074996	75
4373.801559	67.558998	0.016055	4.208074	76
4374.847498	65.939857	0.016055	4.107110	77
4375.873793	66.918633	0.016051	4.169234	78
4376.920915	65.715637	0.016080	4.086810	79
4377.946698	67.676620	0.016037	4.220138	80
4378.992878	65.782112	0.016058	4.096415	81
4380.019002	66.506248	0.016059	4.141451	82
4381.064631	66.023300	0.016078	4.106333	83
4382.090673	67.173508	0.016039	4.188104	84
4383.139678	64.466499	0.016055	4.015324	85
4384.164144	66.784416	0.016052	4.160430	86
4385.211403	65.114403	0.016031	4.061831	87
4386.238083	66.264275	0.016082	4.120403	88
4387.267671	75.324615	0.016052	4.692683	89
4388.310676	67.663948	0.016061	4.212974	90
4389.356517	64.162567	0.016055	3.996532	91
4390.382067	66.023575	0.016046	4.114578	92
4391.428315	65.106873	0.016051	4.056159	93
4392.456526	64.131226	0.016052	3.995151	94
4393.500773	65.602661	0.016054	4.086336	95
4394.530549	64.331642	0.016086	3.999253	96
4395.571146	65.945473	0.016062	4.105636	97
4396.600097	65.073395	0.016049	4.054708	98
4397.646310	63.368473	0.016056	3.946791	99
4398.674295	65.340065	0.016067	4.066679	100
4399.718202	64.294167	0.016060	4.003372	101
4400.745922	64.860191	0.016059	4.038795	102
4401.791485	63.700275	0.016087	3.959780	103
4402.819473	64.062798	0.016064	3.987984	104
4403.862873	64.050262	0.016037	3.994001	105
4404.892280	63.722939	0.016054	3.969403	106
4405.935610	63.745148	0.016056	3.970159	107
4406.964860	62.966522	0.016065	3.919495	108
4408.010895	63.351368	0.016062	3.944286	109
4409.036362	63.734055	0.016055	3.969771	110
4410.082281	62.421139	0.016055	3.888065	111
4411.109514	61.010159	0.016068	3.797074	112
4412.154593	62.261734	0.016057	3.877427	113
4413.182927	61.620590	0.016043	3.840929	114
4414.228154	61.508171	0.016083	3.824436	115
4415.253960	62.461613	0.016067	3.887556	116
4416.299429	61.937630	0.016062	3.856071	117
4417.325098	63.136646	0.016059	3.931499	118
4418.373038	61.004833	0.016089	3.791807	119
4419.398845	61.900803	0.016071	3.851784	120
4420.445980	60.751125	0.016089	3.776050	121
4421.470018	63.014221	0.016034	3.929950	122
4422.519421	60.338470	0.016083	3.751631	123
4423.543790	61.579708	0.016085	3.828359	124
4424.578444	68.111664	0.016068	4.238932	125
4425.617321	61.151054	0.016076	3.803849	126
4426.661402	60.627220	0.016059	3.775348	127
4427.679281	68.097839	0.016057	4.241070	128
4428.734567	60.958984	0.016084	3.789932	129
4429.761420	61.077316	0.016048	3.806008	130
4430.807760	56.669201	0.016048	3.531248	131
4431.833600	61.879730	0.016058	3.853520	132
4432.879392	59.622135	0.016053	3.714086	133
4433.906060	60.857559	0.016060	3.789274	134
4434.953451	58.837040	0.016053	3.665159	135
4435.979460	60.732353	0.016077	3.777700	136
4437.025253	58.265453	0.016056	3.628908	137
4438.052043	59.554581	0.016083	3.702874	138
4439.097030	59.360027	0.016083	3.690825	139
4440.123470	59.929966	0.016082	3.726498	140
4441.169550	58.890411	0.016069	3.664859	141
4442.196678	58.947838	0.016103	3.660704	142
4443.242743	58.289425	0.016084	3.624026	143
4444.268900	58.877510	0.016080	3.661530	144
4445.314801	58.807137	0.016054	3.663080	145
4446.342628	57.695164	0.016060	3.592584	146
4447.386553	57.899544	0.016061	3.605024	147
4448.414767	57.095703	0.016057	3.555847	148
4449.458989	57.646290	0.016034	3.595328	149
4450.487105	57.704781	0.016054	3.594399	150
4451.532067	56.986885	0.016053	3.549850	151
4452.560647	56.865971	0.016076	3.537317	152
4453.603074	59.155727	0.016036	3.688924	153
4454.632944	55.984669	0.016066	3.484757	154
4455.677270	56.884464	0.016083	3.536866	155
4456.704488	54.071739	0.016054	3.368065	156
4457.747865	57.174725	0.016077	3.556413	157
4458.778380	55.312687	0.016055	3.445155	158
4459.820684	57.079426	0.016039	3.558874	159
4460.850464	55.706684	0.016084	3.463413	160
4461.894880	55.559532	0.016073	3.456771	161
4462.922512	55.154419	0.016005	3.445999	162
4463.967596	55.100643	0.016073	3.428199	163
4464.994112	54.964291	0.016055	3.423569	164
4466.038611	56.221565	0.016066	3.499399	165
4467.067488	55.070572	0.016058	3.429490	166
