crossing time (s)	slope (V/s)	crossing number
281474976710655.000000	7.036347	3204	4698932736.000000
281474976710655.000000	6.085971	3205	4699973120.000000
281474976710655.000000	6.292320	3206	4701006848.000000
281474976710655.000000	6.489727	3207	4702047744.000000
281474976710655.000000	6.230412	3208	4703078400.000000
281474976710655.000000	6.061306	3209	4704123392.000000
281474976710655.000000	6.620418	3210	4705156096.000000
281474976710655.000000	7.377169	3211	4706193920.000000
281474976710655.000000	6.959116	3212	4707224064.000000
281474976710655.000000	6.628255	3213	4708266496.000000
281474976710655.000000	6.964507	3214	4709299200.000000
281474976710655.000000	6.649241	3215	4710338560.000000
281474976710655.000000	6.563752	3216	4711372288.000000
281474976710655.000000	7.361938	3217	4712415232.000000
281474976710655.000000	7.678298	3218	4713443328.000000
281474976710655.000000	7.049170	3219	4714484224.000000
281474976710655.000000	7.048377	3220	4715515392.000000
281474976710655.000000	6.919545	3221	4716559872.000000
281474976710655.000000	6.962452	3222	4717588480.000000
281474976710655.000000	7.379915	3223	4718635008.000000
281474976710655.000000	7.624012	3224	4719659520.000000
281474976710655.000000	7.081571	3225	4720707072.000000
281474976710655.000000	7.260113	3226	4721732096.000000
281474976710655.000000	7.368357	3227	4722781696.000000
281474976710655.000000	7.354695	3228	4723805696.000000
281474976710655.000000	8.033235	3229	4724852736.000000
281474976710655.000000	8.044131	3230	4725877760.000000
281474976710655.000000	7.411388	3231	4726922752.000000
281474976710655.000000	7.345132	3232	4727952896.000000
281474976710655.000000	7.512234	3233	4728995840.000000
281474976710655.000000	7.579176	3234	4730028032.000000
281474976710655.000000	8.056577	3235	4731067904.000000
281474976710655.000000	8.137249	3236	4732099072.000000
281474976710655.000000	7.603845	3237	4733139968.000000
281474976710655.000000	7.856744	3238	4734172672.000000
281474976710655.000000	7.979444	3239	4735213056.000000
281474976710655.000000	8.010466	3240	4736245760.000000
281474976710655.000000	8.255928	3241	4737286144.000000
281474976710655.000000	8.605588	3242	4738317312.000000
281474976710655.000000	8.120394	3243	4739357696.000000
281474976710655.000000	8.093201	3244	4740390400.000000
281474976710655.000000	8.458677	3245	4741431808.000000
281474976710655.000000	8.449555	3246	4742462976.000000
281474976710655.000000	9.059828	3247	4743499264.000000
281474976710655.000000	8.703731	3248	4744537088.000000
281474976710655.000000	8.703896	3249	4745575424.000000
281474976710655.000000	8.641444	3250	4746609152.000000
281474976710655.000000	8.378090	3251	4747647488.000000
281474976710655.000000	8.658539	3252	4748682752.000000
281474976710655.000000	8.563401	3253	4749720064.000000
281474976710655.000000	8.683239	3254	4750755328.000000
281474976710655.000000	8.627140	3255	4751793152.000000
281474976710655.000000	9.072051	3256	4752827904.000000
281474976710655.000000	9.010855	3257	4753865216.000000
281474976710655.000000	8.900341	3258	4754899968.000000
281474976710655.000000	8.737840	3259	4755938304.000000
281474976710655.000000	9.007132	3260	4756971520.000000
281474976710655.000000	8.981586	3261	4758011904.000000
281474976710655.000000	8.753907	3262	4759043584.000000
281474976710655.000000	9.046146	3263	4760085504.000000
281474976710655.000000	9.237953	3264	4761115136.000000
281474976710655.000000	9.452335	3265	4762158592.000000
281474976710655.000000	9.196192	3266	4763187712.000000
281474976710655.000000	9.178962	3267	4764232704.000000
281474976710655.000000	9.708580	3268	4765260288.000000
281474976710655.000000	9.339135	3269	4766304256.000000
281474976710655.000000	9.261803	3270	4767331840.000000
281474976710655.000000	9.045395	3271	4768376320.000000
281474976710655.000000	9.382960	3272	4769405440.000000
281474976710655.000000	9.451233	3273	4770448896.000000
281474976710655.000000	9.592401	3274	4771479040.000000
281474976710655.000000	9.506585	3275	4772520448.000000
281474976710655.000000	9.957690	3276	4773552128.000000
281474976710655.000000	9.768208	3277	4774592000.000000
281474976710655.000000	9.833572	3278	4775624192.000000
281474976710655.000000	9.757628	3279	4776665088.000000
281474976710655.000000	9.830954	3280	4777697280.000000
281474976710655.000000	9.779923	3281	4778736640.000000
281474976710655.000000	9.829086	3282	4779770368.000000
281474976710655.000000	10.018735	3283	4780811264.000000
281474976710655.000000	10.058106	3284	4781842432.000000
281474976710655.000000	9.968220	3285	4782882816.000000
281474976710655.000000	10.107444	3286	4783914496.000000
281474976710655.000000	9.978570	3287	4784955904.000000
281474976710655.000000	10.086582	3288	4785986560.000000
281474976710655.000000	10.003392	3289	4787028992.000000
281474976710655.000000	10.314671	3290	4788058624.000000
281474976710655.000000	9.960393	3291	4789102080.000000
281474976710655.000000	10.013194	3292	4790130176.000000
281474976710655.000000	9.934560	3293	4791175168.000000
281474976710655.000000	10.079472	3294	4792202240.000000
281474976710655.000000	10.091452	3295	4793248768.000000
281474976710655.000000	10.383526	3296	4794274816.000000
281474976710655.000000	10.250182	3297	4795320832.000000
281474976710655.000000	10.273124	3298	4796347904.000000
281474976710655.000000	10.547694	3299	4797393408.000000
281474976710655.000000	10.438202	3300	4798419968.000000
281474976710655.000000	10.572936	3301	4799464960.000000
281474976710655.000000	10.571340	3302	4800493568.000000
281474976710655.000000	10.462354	3303	4801536000.000000
281474976710655.000000	10.431186	3304	4802566144.000000
281474976710655.000000	10.508660	3305	4803608576.000000
281474976710655.000000	10.419503	3306	4804640256.000000
281474976710655.000000	10.581149	3307	4805680640.000000
281474976710655.000000	10.674270	3308	4806712832.000000
281474976710655.000000	10.561021	3309	4807752192.000000
281474976710655.000000	10.614059	3310	4808784896.000000
281474976710655.000000	10.679573	3311	4809824768.000000
281474976710655.000000	10.753072	3312	4810857984.000000
281474976710655.000000	10.692078	3313	4811897856.000000
281474976710655.000000	10.818070	3314	4812930560.000000
281474976710655.000000	10.774080	3315	4813969920.000000
281474976710655.000000	10.952016	3316	4815003136.000000
281474976710655.000000	10.751313	3317	4816042496.000000
281474976710655.000000	10.900655	3318	4817075200.000000
281474976710655.000000	10.940468	3319	4818115072.000000
281474976710655.000000	10.786746	3320	4819147264.000000
281474976710655.000000	10.853943	3321	4820187136.000000
281474976710655.000000	11.179557	3322	4821219840.000000
281474976710655.000000	11.086410	3323	4822259712.000000
281474976710655.000000	10.928846	3324	4823291392.000000
281474976710655.000000	10.986030	3325	4824332800.000000
281474976710655.000000	11.116925	3326	4825363456.000000
281474976710655.000000	11.244965	3327	4826405888.000000
281474976710655.000000	11.134443	3328	4827435008.000000
281474976710655.000000	11.183885	3329	4828478976.000000
281474976710655.000000	11.336721	3330	4829506560.000000
281474976710655.000000	11.322289	3331	4830551552.000000
281474976710655.000000	11.381687	3332	4831579648.000000
