time (s)	energy (uJ)	charge (mC)	voltage (mV)	crossing#mod 255
4698.940200	61.814423	0.016049	3.851690	132
4699.980670	58.017040	0.016052	3.614327	133
4701.014569	61.747467	0.016078	3.840568	134
4702.054312	64.980949	0.016048	4.049286	135
4703.085593	65.483582	0.016055	4.078767	136
4704.130364	64.142906	0.016076	3.990085	137
4705.162998	64.985428	0.016077	4.042141	138
4706.200699	63.242512	0.016098	3.928602	139
4707.230122	61.731945	0.016064	3.842973	140
4708.274614	61.140938	0.016059	3.807158	141
4709.305950	64.184410	0.016049	3.999246	142
4710.344392	64.959824	0.016025	4.053576	143
4711.378851	66.102753	0.016048	4.119182	144
4712.421476	63.675808	0.016055	3.966198	145
4713.449266	65.751564	0.016030	4.101838	146
4714.491029	62.155972	0.016080	3.865444	147
4715.521413	64.015778	0.016059	3.986203	148
4716.565818	61.071484	0.016073	3.799553	149
4717.595594	65.162018	0.016074	4.053976	150
4718.642513	62.773182	0.016052	3.910722	151
4719.666216	64.282784	0.016080	3.997629	152
4720.713350	61.629810	0.016054	3.838868	153
4721.738808	65.768234	0.016068	4.093048	154
4722.788648	83.819489	0.016077	5.213563	155
4723.814408	64.763084	0.016076	4.028629	156
4724.860958	61.810867	0.016049	3.851407	157
4725.883447	64.228920	0.016066	3.997814	158
4726.929390	64.018112	0.016086	3.979738	159
4727.961185	61.863293	0.016106	3.841009	160
4729.002543	62.301857	0.016083	3.873724	161
4730.035716	62.245419	0.016055	3.876905	162
4731.075982	62.741520	0.016045	3.910358	163
4732.105759	62.487869	0.016079	3.886279	164
4733.146216	62.325012	0.016053	3.882497	165
4734.179843	63.880829	0.016069	3.975430	166
4735.221158	62.570751	0.016059	3.896281	167
4736.252036	63.484982	0.016072	3.950047	168
4737.292348	62.186714	0.016074	3.868742	169
4738.324183	62.607735	0.016054	3.899894	170
4739.363821	61.731884	0.016059	3.844106	171
4740.397547	62.170162	0.016084	3.865320	172
4741.438862	61.850018	0.016057	3.851845	173
4742.469917	64.391144	0.016082	4.004024	174
4743.506535	66.235764	0.016053	4.125948	175
4744.543532	62.718739	0.016055	3.906565	176
4745.581835	60.526047	0.016056	3.769780	177
4746.615344	61.988426	0.016050	3.862112	178
4747.654926	60.550137	0.016031	3.777081	179
4748.689175	62.160519	0.016047	3.873692	180
4749.726199	59.851585	0.016073	3.723666	181
4750.761803	61.495808	0.016081	3.824102	182
4751.799545	61.528549	0.016009	3.843355	183
4752.835023	61.246536	0.016055	3.814723	184
4753.871542	60.994080	0.016076	3.794048	185
4754.906669	60.501942	0.016035	3.773169	186
4755.944695	62.131828	0.016046	3.872043	187
4756.978657	60.748299	0.016061	3.782291	188
4758.018306	60.526382	0.016056	3.769591	189
4759.050077	61.116104	0.016052	3.807448	190
4760.091895	61.567898	0.016049	3.836219	191
4761.123514	60.346367	0.016065	3.756485	192
4762.164797	60.380508	0.016047	3.762680	193
4763.195609	59.392624	0.016049	3.700794	194
4764.238755	58.942387	0.016047	3.673166	195
4765.267932	59.645271	0.016045	3.717475	196
4766.311896	58.634693	0.016049	3.653402	197
4767.337900	61.119228	0.016030	3.812802	198
4768.383226	59.929691	0.016079	3.727130	199
4769.412850	60.691433	0.016047	3.782000	200
4770.455820	58.087723	0.016074	3.613873	201
4771.486180	146.595901	0.016056	9.130542	202
4772.527003	55.287575	0.016099	3.434185	203
4773.560109	59.955578	0.016078	3.729112	204
4774.599010	58.662018	0.016072	3.650040	205
4775.631133	60.097607	0.016078	3.737789	206
4776.671563	57.632420	0.016046	3.591752	207
4777.704766	59.100597	0.016048	3.682641	208
4778.742963	58.773754	0.016055	3.660666	209
4779.776230	59.541080	0.016051	3.709491	210
4780.817380	57.950775	0.016042	3.612460	211
4781.849927	58.432751	0.016050	3.640578	212
4782.889405	56.602627	0.016074	3.521322	213
4783.921450	58.200844	0.016102	3.614456	214
4784.961347	57.074677	0.016058	3.554238	215
4785.993533	58.630669	0.016083	3.645423	216
4787.034825	56.884960	0.016036	3.547424	217
4788.065059	57.946327	0.016032	3.614485	218
4789.108310	56.083706	0.016048	3.494706	219
4790.136382	58.142357	0.016047	3.623207	220
4791.175866	59.097874	0.016069	3.677666	221
4792.208422	57.649120	0.016047	3.592497	222
4793.255705	55.522022	0.016049	3.459540	223
4794.282010	56.069382	0.016026	3.498545	224
4795.327058	55.928753	0.016047	3.485368	225
4796.354733	55.690174	0.016041	3.471764	226
4797.400991	55.999683	0.016087	3.481102	227
4798.426822	55.590393	0.016056	3.462385	228
4799.465798	59.431885	0.016080	3.696111	229
4800.500321	54.558743	0.016047	3.400026	230
4801.542418	56.423100	0.016052	3.515084	231
4802.573338	54.641689	0.016029	3.408868	232
4803.614603	55.744560	0.016049	3.473407	233
4804.647822	53.589760	0.016050	3.338949	234
4805.686851	55.887405	0.016050	3.481982	235
4806.718933	54.995159	0.016052	3.426089	236
4807.758462	55.549755	0.016073	3.456011	237
4808.791401	54.980583	0.016029	3.430054	238
4809.832263	54.552608	0.016049	3.399137	239
4810.865154	53.466732	0.016099	3.321025	240
4811.904158	53.837788	0.016087	3.346646	241
4812.937684	53.468632	0.016064	3.328432	242
4813.978159	52.975365	0.016103	3.289828	243
4815.010002	52.709160	0.016072	3.279629	244
4816.048101	54.801487	0.016060	3.412351	245
4817.082049	52.749783	0.016068	3.282834	246
4818.122682	70.300613	0.016075	4.373244	247
4819.154153	52.400154	0.016047	3.265372	248
4820.194906	52.948971	0.016052	3.298656	249
4821.226524	52.219681	0.016056	3.252276	250
4822.267966	52.109291	0.015987	3.259386	251
4823.297598	52.098618	0.016049	3.246284	252
4824.341762	51.725761	0.016087	3.215311	253
4825.369275	51.695522	0.016046	3.221694	254
4826.411436	53.229740	0.016054	3.315600	255
4827.442777	51.235371	0.016084	3.185388	0
4828.479520	55.998016	0.016049	3.489178	1
4829.513463	51.605476	0.016076	3.210029	2
4830.557827	53.159840	0.016033	3.315736	3
